# Made in Blockbench 4.12.4
mtllib ninja_skeleton.mtl

o rightLeg
v -0.14688142038403587 0.1868949482789804 0.024123484734482448
v -0.05816404214731066 0.25410093778501835 -0.03277626722733329
v -0.24682747364549237 0.039445483890418076 -0.30586809377773394
v -0.1581100954087672 0.10665147339645609 -0.3627678457395497
v -0.13967670484913652 0.34733531998752926 -0.049747884550808696
v -0.22839408308586173 0.2801293304814913 0.00715186741100704
v -0.23962275811059303 0.19988585559896693 -0.3797394630630251
v -0.32834013634731823 0.13267986609292898 -0.32283971110120935
vt 0.15625 0.5
vt 0.1875 0.5
vt 0.1875 0.40625
vt 0.15625 0.40625
vt 0.5 0.78125
vt 0.53125 0.78125
vt 0.53125 0.6875
vt 0.5 0.6875
vt 0.5 0.6875
vt 0.53125 0.6875
vt 0.53125 0.59375
vt 0.5 0.59375
vt 0.484375 0.5
vt 0.515625 0.5
vt 0.515625 0.40625
vt 0.484375 0.40625
vt 0.609375 0.96875
vt 0.578125 0.96875
vt 0.578125 1
vt 0.609375 1
vt 0.609375 0.96875
vt 0.578125 0.96875
vt 0.578125 0.9375
vt 0.609375 0.9375
vn 0.7097390258938016 0.5376479160483038 -0.4551980156945259
vn 0.6521013016146068 -0.7458750576200872 0.13577293858780293
vn -0.7097390258938016 -0.5376479160483038 0.4551980156945259
vn -0.6521013016146068 0.7458750576200872 -0.13577293858780293
vn 0.2665228086972171 0.39319857170283284 0.8799775426992436
vn -0.2665228086972171 -0.39319857170283284 -0.8799775426992436
usemtl m_9864edc4-fc83-fe93-9042-eabaf52234ec
f 4/4/1 7/3/1 5/2/1 2/1/1
f 3/8/2 4/7/2 2/6/2 1/5/2
f 8/12/3 3/11/3 1/10/3 6/9/3
f 7/16/4 8/15/4 6/14/4 5/13/4
f 6/20/5 1/19/5 2/18/5 5/17/5
f 7/24/6 4/23/6 3/22/6 8/21/6
o rightLeg
v -0.16137434091327885 0.0774198000898329 -0.48238023756513404
v -0.15632070784254748 0.10860874097915169 -0.3615684981356026
v -0.024323807079143694 0.19963453420341992 -0.5196642900048011
v -0.019270174008412383 0.23082347509273873 -0.3988525505752697
v -0.24132577639403607 0.19797889869852558 -0.381084615955778
v -0.24637940946476744 0.1667899578092068 -0.5018963553853094
v -0.10427524255990095 0.3201936328121126 -0.4183686683954451
v -0.10932887563063232 0.2890046919227938 -0.5391804078249766
vt 0.53125 0.671875
vt 0.5625 0.671875
vt 0.5625 0.625
vt 0.53125 0.625
vt 0.421875 0.46875
vt 0.453125 0.46875
vt 0.453125 0.421875
vt 0.421875 0.421875
vt 0.453125 0.46875
vt 0.484375 0.46875
vt 0.484375 0.421875
vt 0.453125 0.421875
vt 0.53125 0.5
vt 0.5625 0.5
vt 0.5625 0.453125
vt 0.53125 0.453125
vt 0.578125 0.5
vt 0.546875 0.5
vt 0.546875 0.53125
vt 0.578125 0.53125
vt 0.359375 0.4375
vt 0.328125 0.4375
vt 0.328125 0.40625
vt 0.359375 0.40625
vn 0.040469534099950175 0.24976128840295342 0.9674613768130642
vn 0.6807212696815901 -0.7156769386936848 0.1562852277891924
vn -0.040469534099950175 -0.24976128840295342 -0.9674613768130642
vn -0.6807212696815901 0.7156769386936848 -0.1562852277891924
vn -0.7314237963129289 -0.652246746436755 0.19898093363398042
vn 0.7314237963129289 0.652246746436755 -0.19898093363398042
usemtl m_9864edc4-fc83-fe93-9042-eabaf52234ec
f 12/28/7 15/27/7 13/26/7 10/25/7
f 11/32/8 12/31/8 10/30/8 9/29/8
f 16/36/9 11/35/9 9/34/9 14/33/9
f 15/40/10 16/39/10 14/38/10 13/37/10
f 14/44/11 9/43/11 10/42/11 13/41/11
f 15/48/12 12/47/12 11/46/12 16/45/12
o rightLeg
v -0.024238077358400306 0.19961495973587867 -0.5197274248224673
v -0.019179385595906512 0.23083512078624785 -0.39879475272083414
v 0.11290388445027391 0.3219112246927703 -0.5570363498788385
v 0.1179625762127677 0.35313138574313946 -0.43610367777720543
v -0.10426954430610524 0.32029473812295844 -0.41833040619448325
v -0.1093282360685991 0.28907457707258927 -0.5392630782961163
v 0.032872417502568946 0.44259100307985005 -0.45563933125085454
v 0.02781372574007515 0.4113708420294809 -0.5765720033524876
vt 0.546875 1
vt 0.578125 1
vt 0.578125 0.953125
vt 0.546875 0.953125
vt 0.546875 0.953125
vt 0.578125 0.953125
vt 0.578125 0.90625
vt 0.546875 0.90625
vt 0.546875 0.84375
vt 0.578125 0.84375
vt 0.578125 0.796875
vt 0.546875 0.796875
vt 0.546875 0.796875
vt 0.578125 0.796875
vt 0.578125 0.75
vt 0.546875 0.75
vt 0.609375 0.90625
vt 0.578125 0.90625
vt 0.578125 0.9375
vt 0.609375 0.9375
vt 0.609375 0.859375
vt 0.578125 0.859375
vt 0.578125 0.828125
vt 0.609375 0.828125
vn 0.040469534099950175 0.24976128840295342 0.9674613768130642
vn 0.6807212696815901 -0.7156769386936848 0.1562852277891924
vn -0.040469534099950175 -0.24976128840295342 -0.9674613768130642
vn -0.6807212696815901 0.7156769386936848 -0.1562852277891924
vn -0.7314237963129289 -0.652246746436755 0.19898093363398042
vn 0.7314237963129289 0.652246746436755 -0.19898093363398042
usemtl m_9864edc4-fc83-fe93-9042-eabaf52234ec
f 20/52/13 23/51/13 21/50/13 18/49/13
f 19/56/14 20/55/14 18/54/14 17/53/14
f 24/60/15 19/59/15 17/58/15 22/57/15
f 23/64/16 24/63/16 22/62/16 21/61/16
f 22/68/17 17/67/17 18/66/17 21/65/17
f 23/72/18 20/71/18 19/70/18 24/69/18
o rightLeg
v 0.07224858894320965 0.3123659640908423 -0.42366736942508165
v 0.07477793482445655 0.32797604461602686 -0.3632010333742651
v 0.1179625762127677 0.35313138574313946 -0.43610367777720543
v 0.12049192209401462 0.36874146626832405 -0.3756373417263889
v -0.010312223885742211 0.4174356619527374 -0.38273668684791423
v -0.012841569766989108 0.40182558142755287 -0.44320302289873076
v 0.03540176338381586 0.45820108360503464 -0.395172995200038
v 0.032872417502568946 0.44259100307985005 -0.45563933125085454
vt 0.53125 0.890625
vt 0.5625 0.890625
vt 0.5625 0.875
vt 0.53125 0.875
vt 0.234375 0.5
vt 0.25 0.5
vt 0.25 0.484375
vt 0.234375 0.484375
vt 0.4375 0.421875
vt 0.46875 0.421875
vt 0.46875 0.40625
vt 0.4375 0.40625
vt 0.546875 0.90625
vt 0.5625 0.90625
vt 0.5625 0.890625
vt 0.546875 0.890625
vt 0.609375 0.515625
vt 0.578125 0.515625
vt 0.578125 0.53125
vt 0.609375 0.53125
vt 0.609375 0.515625
vt 0.578125 0.515625
vt 0.578125 0.5
vt 0.609375 0.5
vn 0.040469534099950175 0.24976128840295342 0.9674613768130642
vn 0.6807212696815901 -0.7156769386936848 0.1562852277891924
vn -0.040469534099950175 -0.24976128840295342 -0.9674613768130642
vn -0.6807212696815901 0.7156769386936848 -0.1562852277891924
vn -0.7314237963129289 -0.652246746436755 0.19898093363398042
vn 0.7314237963129289 0.652246746436755 -0.19898093363398042
usemtl m_9864edc4-fc83-fe93-9042-eabaf52234ec
f 28/76/19 31/75/19 29/74/19 26/73/19
f 27/80/20 28/79/20 26/78/20 25/77/20
f 32/84/21 27/83/21 25/82/21 30/81/21
f 31/88/22 32/87/22 30/86/22 29/85/22
f 30/92/23 25/91/23 26/90/23 29/89/23
f 31/96/24 28/95/24 27/94/24 32/93/24
o leftLeg
v 0.1811917190159943 0.3011257617704972 0.020502660000792927
v 0.09077542783746595 0.34321186216377 -0.05485418735369074
v 0.37151297728828203 0.17634125378223808 -0.27754372098005575
v 0.2810966861097537 0.21842735417551085 -0.3529005683345394
v 0.03225015575083334 0.23310450649601255 -0.046127059817119176
v 0.12266644692936168 0.19101840610273968 0.029229787537364493
v 0.22257141402312114 0.1083199985077534 -0.3441734407979679
v 0.3129877052016494 0.06623389811448058 -0.26881659344348424
vt 0.1875 0.484375
vt 0.21875 0.484375
vt 0.21875 0.390625
vt 0.1875 0.390625
vt 0.21875 0.484375
vt 0.25 0.484375
vt 0.25 0.390625
vt 0.21875 0.390625
vt 0.25 0.484375
vt 0.28125 0.484375
vt 0.28125 0.390625
vt 0.25 0.390625
vt 0.515625 0.59375
vt 0.546875 0.59375
vt 0.546875 0.5
vt 0.515625 0.5
vt 0.609375 0.609375
vt 0.578125 0.609375
vt 0.578125 0.640625
vt 0.609375 0.640625
vt 0.609375 0.609375
vt 0.578125 0.609375
vt 0.578125 0.578125
vt 0.609375 0.578125
vn -0.7233303294282265 0.3366888031461826 -0.6028547788358691
vn 0.46820217669306075 0.8808588453420596 -0.0698170202925722
vn 0.7233303294282265 -0.3366888031461826 0.6028547788358691
vn -0.46820217669306075 -0.8808588453420596 0.0698170202925722
vn -0.5075233553927674 0.33275868796869096 0.7947903492822632
vn 0.5075233553927674 -0.33275868796869096 -0.7947903492822632
usemtl m_9864edc4-fc83-fe93-9042-eabaf52234ec
f 36/100/25 39/99/25 37/98/25 34/97/25
f 35/104/26 36/103/26 34/102/26 33/101/26
f 40/108/27 35/107/27 33/106/27 38/105/27
f 39/112/28 40/111/28 38/110/28 37/109/28
f 38/116/29 33/115/29 34/114/29 37/113/29
f 39/120/30 36/119/30 35/118/30 40/117/30
o leftLeg
v 0.23686654056528794 0.23394122656855412 -0.4681364139839169
v 0.2820208373061462 0.2178604002110109 -0.3528269948782035
v 0.08762604599588544 0.3224113018536509 -0.3973571007297644
v 0.1327803427367436 0.3063304754961077 -0.282047681624051
v 0.22150250329408788 0.10896206879198841 -0.34431522141095927
v 0.17634820655322964 0.1250428951495316 -0.4596246405166726
v 0.07226200872468533 0.1974321440770852 -0.27353590815680673
v 0.027107711983827137 0.21351297043462839 -0.38884532726252014
vt 0.546875 0.578125
vt 0.578125 0.578125
vt 0.578125 0.53125
vt 0.546875 0.53125
vt 0.53125 0.453125
vt 0.5625 0.453125
vt 0.5625 0.40625
vt 0.53125 0.40625
vt 0 0.4375
vt 0.03125 0.4375
vt 0.03125 0.390625
vt 0 0.390625
vt 0.03125 0.4375
vt 0.0625 0.4375
vt 0.0625 0.390625
vt 0.03125 0.390625
vt 0.609375 0.796875
vt 0.578125 0.796875
vt 0.578125 0.828125
vt 0.609375 0.828125
vt 0.609375 0.796875
vt 0.578125 0.796875
vt 0.578125 0.765625
vt 0.609375 0.765625
vn 0.3615959698967622 -0.12877538624659218 0.9233987515973047
vn 0.4846313033998663 0.8720587100622422 -0.06816235008804217
vn -0.3615959698967622 0.12877538624659218 -0.9233987515973047
vn -0.4846313033998663 -0.8720587100622422 0.06816235008804217
vn 0.7964802912309673 -0.4721551716349394 -0.37774149835438314
vn -0.7964802912309673 0.4721551716349394 0.37774149835438314
usemtl m_9864edc4-fc83-fe93-9042-eabaf52234ec
f 44/124/31 47/123/31 45/122/31 42/121/31
f 43/128/32 44/127/32 42/126/32 41/125/32
f 48/132/33 43/131/33 41/130/33 46/129/33
f 47/136/34 48/135/34 46/134/34 45/133/34
f 46/140/35 41/139/35 42/138/35 45/137/35
f 47/144/36 44/143/36 43/142/36 48/141/36
o leftLeg
v 0.08758395568602745 0.3225033636828974 -0.3973954644549726
v 0.13278345192312274 0.3064064404020734 -0.2819706205053095
v -0.06175609891977889 0.4110324583644485 -0.3265689335135258
v -0.016556602682683594 0.3949355350836245 -0.2111440895638627
v 0.07220453899813944 0.19739910164429308 -0.27345032674430425
v 0.02700504276104415 0.2134960249251171 -0.3888751706939673
v -0.0771355156076669 0.2859281963258442 -0.20262379580285747
v -0.1223350118447622 0.3020251196066682 -0.3180486397525205
vt 0.0625 0.4375
vt 0.09375 0.4375
vt 0.09375 0.390625
vt 0.0625 0.390625
vt 0.09375 0.4375
vt 0.125 0.4375
vt 0.125 0.390625
vt 0.09375 0.390625
vt 0.5625 0.90625
vt 0.59375 0.90625
vt 0.59375 0.859375
vt 0.5625 0.859375
vt 0.296875 0.4375
vt 0.328125 0.4375
vt 0.328125 0.390625
vt 0.296875 0.390625
vt 0.609375 0.734375
vt 0.578125 0.734375
vt 0.578125 0.765625
vt 0.609375 0.765625
vt 0.609375 0.734375
vt 0.578125 0.734375
vt 0.578125 0.703125
vt 0.609375 0.703125
vn 0.3615959698967622 -0.12877538624659218 0.9233987515973047
vn 0.4846313033998663 0.8720587100622422 -0.06816235008804217
vn -0.3615959698967622 0.12877538624659218 -0.9233987515973047
vn -0.4846313033998663 -0.8720587100622422 0.06816235008804217
vn 0.7964802912309673 -0.4721551716349394 -0.37774149835438314
vn -0.7964802912309673 0.4721551716349394 0.37774149835438314
usemtl m_9864edc4-fc83-fe93-9042-eabaf52234ec
f 52/148/37 55/147/37 53/146/37 50/145/37
f 51/152/38 52/151/38 50/150/38 49/149/38
f 56/156/39 51/155/39 49/154/39 54/153/39
f 55/160/40 56/159/40 54/158/40 53/157/40
f 54/164/41 49/163/41 50/162/41 53/161/41
f 55/168/42 52/167/42 51/166/42 56/165/42
o leftLeg
v 0.03322341551925184 0.3654258368564408 -0.23475293321101165
v 0.05582316363779949 0.35737737521602875 -0.17704051123618014
v -0.016556602682683594 0.3949355350836245 -0.2111440895638627
v 0.006043145435864039 0.3868870734432125 -0.1534316675890312
v -0.004755749287183808 0.24837003645824848 -0.16852021747517487
v -0.027355497405731455 0.2564184980986605 -0.2262326394500064
v -0.05453576748911926 0.2778797346854322 -0.14491137382802594
v -0.0771355156076669 0.2859281963258442 -0.20262379580285747
vt 0.125 0.40625
vt 0.15625 0.40625
vt 0.15625 0.390625
vt 0.125 0.390625
vt 0.359375 0.40625
vt 0.375 0.40625
vt 0.375 0.390625
vt 0.359375 0.390625
vt 0.59375 0.875
vt 0.625 0.875
vt 0.625 0.859375
vt 0.59375 0.859375
vt 0.375 0.40625
vt 0.390625 0.40625
vt 0.390625 0.390625
vt 0.375 0.390625
vt 0.1875 0.390625
vt 0.15625 0.390625
vt 0.15625 0.40625
vt 0.1875 0.40625
vt 0.359375 0.40625
vt 0.328125 0.40625
vt 0.328125 0.390625
vt 0.359375 0.390625
vn 0.3615959698967622 -0.12877538624659218 0.9233987515973047
vn 0.4846313033998663 0.8720587100622422 -0.06816235008804217
vn -0.3615959698967622 0.12877538624659218 -0.9233987515973047
vn -0.4846313033998663 -0.8720587100622422 0.06816235008804217
vn 0.7964802912309673 -0.4721551716349394 -0.37774149835438314
vn -0.7964802912309673 0.4721551716349394 0.37774149835438314
usemtl m_9864edc4-fc83-fe93-9042-eabaf52234ec
f 60/172/43 63/171/43 61/170/43 58/169/43
f 59/176/44 60/175/44 58/174/44 57/173/44
f 64/180/45 59/179/45 57/178/45 62/177/45
f 63/184/46 64/183/46 62/182/46 61/181/46
f 62/188/47 57/187/47 58/186/47 61/185/47
f 63/192/48 60/191/48 59/190/48 64/189/48
o body
v 0.21676319043360837 0.6141751720758024 -0.0035537257139025558
v 0.2979798284999031 0.4742137712205221 -0.19411779360666148
v 0.1752032681688115 0.3563608442923599 0.16808774727824974
v 0.25641990623510624 0.21639944343707962 -0.022476320614509215
v -0.17020147113718695 0.4356837517575922 -0.36535362008672834
v -0.25141810920348173 0.5756451526128725 -0.1747895521939694
v -0.21176139340198383 0.17786942397414973 -0.19371214709457607
v -0.2929780314682786 0.31783082482943004 -0.0031480792018171444
vt 0.25 0.765625
vt 0.375 0.765625
vt 0.375 0.6875
vt 0.25 0.6875
vt 0.296875 0.609375
vt 0.359375 0.609375
vt 0.359375 0.53125
vt 0.296875 0.53125
vt 0.25 0.6875
vt 0.375 0.6875
vt 0.375 0.609375
vt 0.25 0.609375
vt 0.125 0.578125
vt 0.1875 0.578125
vt 0.1875 0.5
vt 0.125 0.5
vt 0.5 0.9375
vt 0.375 0.9375
vt 0.375 1
vt 0.5 1
vt 0.5 0.9375
vt 0.375 0.9375
vt 0.375 0.875
vt 0.5 0.875
vn 0.3248665522651789 -0.5598456034211209 -0.7622562715710359
vn 0.9363625992741802 0.0770600389258598 0.3424716529601337
vn -0.3248665522651789 0.5598456034211209 0.7622562715710359
vn -0.9363625992741802 -0.0770600389258598 -0.3424716529601337
vn 0.13299175124734997 0.825005848907016 -0.5492527135748871
vn -0.13299175124734997 -0.825005848907016 0.5492527135748871
usemtl m_9864edc4-fc83-fe93-9042-eabaf52234ec
f 68/196/49 71/195/49 69/194/49 66/193/49
f 67/200/50 68/199/50 66/198/50 65/197/50
f 72/204/51 67/203/51 65/202/51 70/201/51
f 71/208/52 72/207/52 70/206/52 69/205/52
f 70/212/53 65/211/53 66/210/53 69/209/53
f 71/216/54 68/215/54 67/214/54 72/213/54
o body
v 0.4864060494062239 0.5921348054658057 -0.17494292340955953
v 0.5030037826277391 0.39189111830912965 -0.026191516674004045
v 0.13366694362681614 0.7269905387301434 0.04595366882237509
v 0.15026467684833145 0.5267468515734673 0.1947050755579306
v 0.20909233970983088 0.13526565132519225 -0.3388565665551654
v 0.19249460648831557 0.33550933848186826 -0.4876079732907209
v -0.14364676606957685 0.27012138458952994 -0.1179599743232308
v -0.1602444992910921 0.47036507174620595 -0.2667113810587863
vt 0.125 0.75
vt 0.25 0.75
vt 0.25 0.640625
vt 0.125 0.640625
vt 0.375 0.875
vt 0.4375 0.875
vt 0.4375 0.765625
vt 0.375 0.765625
vt 0.25 0.875
vt 0.375 0.875
vt 0.375 0.765625
vt 0.25 0.765625
vt 0.375 0.765625
vt 0.4375 0.765625
vt 0.4375 0.65625
vt 0.375 0.65625
vt 0.25 0.578125
vt 0.125 0.578125
vt 0.125 0.640625
vt 0.25 0.640625
vt 0.125 0.625
vt 0 0.625
vt 0 0.5625
vt 0.125 0.5625
vn 0.06639093288606121 -0.8009747486267041 0.5950056269422221
vn 0.5878228858358165 0.5132509339678748 0.625330099762323
vn -0.06639093288606121 0.8009747486267041 -0.5950056269422221
vn -0.5878228858358165 -0.5132509339678748 -0.625330099762323
vn 0.8062608132100747 -0.3082416760327719 -0.5049064965301364
vn -0.8062608132100747 0.3082416760327719 0.5049064965301364
usemtl m_9864edc4-fc83-fe93-9042-eabaf52234ec
f 76/220/55 79/219/55 77/218/55 74/217/55
f 75/224/56 76/223/56 74/222/56 73/221/56
f 80/228/57 75/227/57 73/226/57 78/225/57
f 79/232/58 80/231/58 78/230/58 77/229/58
f 78/236/59 73/235/59 74/234/59 77/233/59
f 79/240/60 76/239/60 75/238/60 80/237/60
o body
v 0.240029506700295 0.21060247170359375 -0.27437150503678154
v 0.4487964541197118 0.49786408154924766 -0.15386370788629905
v 0.240029506700295 0.21060247170359375 -0.27437150503678154
v 0.4487964541197118 0.49786408154924766 -0.15386370788629905
v 0.4137988535985202 0.5901709792633871 -0.3132715326382555
v 0.20503190617910338 0.3029093694177333 -0.433779329788738
v 0.4137988535985202 0.5901709792633871 -0.3132715326382555
v 0.20503190617910338 0.3029093694177333 -0.433779329788738
vt 0 1
vt 0.046875 1
vt 0.046875 1
vt 0 1
vt 0 1
vt 0.09375 1
vt 0.09375 1
vt 0 1
vt 0 1
vt 0.046875 1
vt 0.046875 1
vt 0 1
vt 0 1
vt 0.09375 1
vt 0.09375 1
vt 0 1
vt 0.234375 0.578125
vt 0.1875 0.578125
vt 0.1875 0.484375
vt 0.234375 0.484375
vt 0.234375 0.484375
vt 0.1875 0.484375
vt 0.1875 0.578125
vt 0.234375 0.578125
vn 0.5567118597851115 0.76603095958841 0.3213541257346203
vn 0.18665386944635579 -0.49230345447541063 0.8501750653437681
vn -0.5567118597851115 -0.76603095958841 -0.3213541257346203
vn -0.18665386944635579 0.49230345447541063 -0.8501750653437681
vn -0.8094641673325048 0.4133205507395402 0.41705381444252243
vn 0.8094641673325048 -0.4133205507395402 -0.41705381444252243
usemtl m_9864edc4-fc83-fe93-9042-eabaf52234ec
f 84/244/61 87/243/61 85/242/61 82/241/61
f 83/248/62 84/247/62 82/246/62 81/245/62
f 88/252/63 83/251/63 81/250/63 86/249/63
f 87/256/64 88/255/64 86/254/64 85/253/64
f 86/260/65 81/259/65 82/258/65 85/257/65
f 87/264/66 84/263/66 83/262/66 88/261/66
o body
v 0.49072615215987325 -0.15975693968075294 -0.4697357072639945
v 0.23919380519547384 0.2225870401738978 -0.2683789107571778
v 0.49072615215987325 -0.15975693968075294 -0.4697357072639945
v 0.23919380519547384 0.2225870401738978 -0.2683789107571778
v 0.20586760768392456 0.2909248009474292 -0.43977192406834165
v 0.45739995464832395 -0.09141917890722157 -0.6411287205751584
v 0.20586760768392456 0.2909248009474292 -0.43977192406834165
v 0.45739995464832395 -0.09141917890722157 -0.6411287205751584
vt 0 1
vt 0.046875 1
vt 0.046875 1
vt 0 1
vt 0 1
vt 0.125 1
vt 0.125 1
vt 0 1
vt 0 1
vt 0.046875 1
vt 0.046875 1
vt 0 1
vt 0 1
vt 0.125 1
vt 0.125 1
vt 0 1
vt 0.421875 0.53125
vt 0.375 0.53125
vt 0.375 0.65625
vt 0.421875 0.65625
vt 0.421875 0.65625
vt 0.375 0.65625
vt 0.375 0.53125
vt 0.421875 0.53125
vn -0.5030646939287986 0.7646879597093015 0.40271359301363335
vn 0.17773972006159644 -0.364468057458834 0.9140960709928742
vn 0.5030646939287986 -0.7646879597093015 -0.40271359301363335
vn -0.17773972006159644 0.364468057458834 -0.9140960709928742
vn -0.8457745004637759 -0.5314276614627903 -0.047435587879147936
vn 0.8457745004637759 0.5314276614627903 0.047435587879147936
usemtl m_9864edc4-fc83-fe93-9042-eabaf52234ec
f 92/268/67 95/267/67 93/266/67 90/265/67
f 91/272/68 92/271/68 90/270/68 89/269/68
f 96/276/69 91/275/69 89/274/69 94/273/69
f 95/280/70 96/279/70 94/278/70 93/277/70
f 94/284/71 89/283/71 90/282/71 93/281/71
f 95/288/72 92/287/72 91/286/72 96/285/72
o leftArm
v 0.09767807102333759 0.31078056835872214 -0.4250613290115812
v 0.1896844985542685 0.3227633835522097 -0.34129839309697596
v 0.13800339593118083 -0.061935689440600905 -0.4160358460247674
v 0.23000982346211163 -0.049952874247113366 -0.332272910110162
v 0.2732257217837063 0.3295563573112321 -0.4340330658404459
v 0.1812192942527754 0.3175735421177446 -0.5177960017550511
v 0.31355104669154943 -0.04315990048809093 -0.42500758285363194
v 0.22154461916061863 -0.05514271568157847 -0.5087705187682373
vt 0.296875 0.53125
vt 0.328125 0.53125
vt 0.328125 0.4375
vt 0.296875 0.4375
vt 0.46875 0.6875
vt 0.5 0.6875
vt 0.5 0.59375
vt 0.46875 0.59375
vt 0.328125 0.53125
vt 0.359375 0.53125
vt 0.359375 0.4375
vt 0.328125 0.4375
vt 0.359375 0.53125
vt 0.390625 0.53125
vt 0.390625 0.4375
vt 0.359375 0.4375
vt 0.421875 0.40625
vt 0.390625 0.40625
vt 0.390625 0.4375
vt 0.421875 0.4375
vt 0.59375 0.5
vt 0.5625 0.5
vt 0.5625 0.46875
vt 0.59375 0.46875
vn 0.7360514202474474 0.09586252154790087 0.6701034873168425
vn -0.6683297858355031 -0.05434379007217859 0.7418773819477597
vn -0.7360514202474474 -0.09586252154790087 -0.6701034873168425
vn 0.6683297858355031 0.05434379007217859 -0.7418773819477597
vn -0.10753419975424881 0.9939100207981955 -0.024067954631503442
vn 0.10753419975424881 -0.9939100207981955 0.024067954631503442
usemtl m_9864edc4-fc83-fe93-9042-eabaf52234ec
f 100/292/73 103/291/73 101/290/73 98/289/73
f 99/296/74 100/295/74 98/294/74 97/293/74
f 104/300/75 99/299/75 97/298/75 102/297/75
f 103/304/76 104/303/76 102/302/76 101/301/76
f 102/308/77 97/307/77 98/306/77 101/305/77
f 103/312/78 100/311/78 99/310/78 104/309/78
o leftArm
v 0.21730066811158666 -0.10159797512668034 -0.3475894541516981
v 0.15086107560173156 -0.010198893698353362 -0.40074727658812265
v 0.4121849754030734 0.15302278975107775 -0.15337401066281706
v 0.3457453828932183 0.24442187117940478 -0.20653183309924164
v 0.23431875760793996 -0.003412712913089977 -0.49338921465884905
v 0.30075835011779506 -0.09481179434141696 -0.4402313922224245
v 0.4292030648994266 0.25120805196466817 -0.299173771169968
v 0.4956426574092817 0.15980897053634113 -0.24601594873354346
vt 0.390625 0.53125
vt 0.421875 0.53125
vt 0.421875 0.4375
vt 0.390625 0.4375
vt 0.484375 0.59375
vt 0.515625 0.59375
vt 0.515625 0.5
vt 0.484375 0.5
vt 0.5 1
vt 0.53125 1
vt 0.53125 0.90625
vt 0.5 0.90625
vt 0.125 0.5
vt 0.15625 0.5
vt 0.15625 0.40625
vt 0.125 0.40625
vt 0.59375 0.4375
vt 0.5625 0.4375
vt 0.5625 0.46875
vt 0.59375 0.46875
vt 0.59375 0.4375
vt 0.5625 0.4375
vt 0.5625 0.40625
vt 0.59375 0.40625
vn -0.5320487888677082 0.7319245760026196 -0.4256882677591555
vn -0.668329785835503 -0.05434379007217865 0.7418773819477595
vn 0.5320487888677082 -0.7319245760026196 0.4256882677591555
vn 0.668329785835503 0.05434379007217865 -0.7418773819477595
vn -0.5198647743687543 -0.6792151113778144 -0.5180805428179555
vn 0.5198647743687543 0.6792151113778144 0.5180805428179555
usemtl m_9864edc4-fc83-fe93-9042-eabaf52234ec
f 108/316/79 111/315/79 109/314/79 106/313/79
f 107/320/80 108/319/80 106/318/80 105/317/80
f 112/324/81 107/323/81 105/322/81 110/321/81
f 111/328/82 112/327/82 110/326/82 109/325/82
f 110/332/83 105/331/83 106/330/83 109/329/83
f 111/336/84 108/335/84 107/334/84 112/333/84
o leftArm
v 0.5408527777658343 0.44762343181126185 0.03131778469848068
v 0.5363485077625954 0.572414848225812 0.03695816952473474
v 0.6749880895379491 0.46826548454262074 -0.31826285520429365
v 0.6704838195347101 0.5930569009571709 -0.3126224703780396
v 0.41970559489437986 0.5702334327248978 -0.00792693161172564
v 0.4242098648976188 0.44544201631034763 -0.013567316437979704
v 0.5538409066664948 0.5908754854562567 -0.35750757151449997
v 0.5583451766697337 0.4660840690417065 -0.36314795634075403
vt 0.03125 0.53125
vt 0.0625 0.53125
vt 0.0625 0.4375
vt 0.03125 0.4375
vt 0.0625 0.53125
vt 0.09375 0.53125
vt 0.09375 0.4375
vt 0.0625 0.4375
vt 0.09375 0.53125
vt 0.125 0.53125
vt 0.125 0.4375
vt 0.09375 0.4375
vt 0.46875 0.78125
vt 0.5 0.78125
vt 0.5 0.6875
vt 0.46875 0.6875
vt 0.59375 0.640625
vt 0.5625 0.640625
vt 0.5625 0.671875
vt 0.59375 0.671875
vt 0.390625 0.4375
vt 0.359375 0.4375
vt 0.359375 0.40625
vt 0.390625 0.40625
vn -0.036034160025911796 0.998331331316402 0.045123078610034104
vn 0.9331433029457235 0.01745132400731355 0.3590808090916831
vn 0.036034160025911796 -0.998331331316402 -0.045123078610034104
vn -0.9331433029457235 -0.01745132400731355 -0.3590808090916831
vn -0.3576941647256398 -0.0550454739502903 0.932215039740732
vn 0.3576941647256398 0.0550454739502903 -0.932215039740732
usemtl m_9864edc4-fc83-fe93-9042-eabaf52234ec
f 116/340/85 119/339/85 117/338/85 114/337/85
f 115/344/86 116/343/86 114/342/86 113/341/86
f 120/348/87 115/347/87 113/346/87 118/345/87
f 119/352/88 120/351/88 118/350/88 117/349/88
f 118/356/89 113/355/89 114/354/89 117/353/89
f 119/360/90 116/359/90 115/358/90 120/357/90
o leftArm
v 0.6606128800212717 0.6048067703140498 -0.33643690439028384
v 0.6795540017482576 0.48873596451065004 -0.29445396055742534
v 0.5009972360140643 0.6968445898727326 -0.009966152891703661
v 0.5199383577410502 0.5807737840693328 0.03201679094115478
v 0.5681628932275171 0.45436488918784834 -0.33922466245805316
v 0.5492217715005312 0.5704356949912481 -0.38120760629091166
v 0.4085472492203096 0.5464027087465311 -0.01275391095947287
v 0.3896061274933237 0.6624735145499309 -0.05473685479233137
vt 0.4375 0.78125
vt 0.46875 0.78125
vt 0.46875 0.6875
vt 0.4375 0.6875
vt 0.421875 0.5625
vt 0.453125 0.5625
vt 0.453125 0.46875
vt 0.421875 0.46875
vt 0.453125 0.5625
vt 0.484375 0.5625
vt 0.484375 0.46875
vt 0.453125 0.46875
vt 0 0.53125
vt 0.03125 0.53125
vt 0.03125 0.4375
vt 0 0.4375
vt 0.46875 0.65625
vt 0.4375 0.65625
vt 0.4375 0.6875
vt 0.46875 0.6875
vt 0.53125 0.90625
vt 0.5 0.90625
vt 0.5 0.875
vt 0.53125 0.875
vn 0.15168065447035706 -0.9294959423695685 0.33619975041328076
vn 0.8920208890549802 0.2752438464288421 0.3585241393443663
vn -0.15168065447035706 0.9294959423695685 -0.33619975041328076
vn -0.8920208890549802 -0.2752438464288421 -0.3585241393443663
vn 0.4257836452342984 -0.24551602416454227 -0.8708789636507642
vn -0.4257836452342984 0.24551602416454227 0.8708789636507642
usemtl m_9864edc4-fc83-fe93-9042-eabaf52234ec
f 124/364/91 127/363/91 125/362/91 122/361/91
f 123/368/92 124/367/92 122/366/92 121/365/92
f 128/372/93 123/371/93 121/370/93 126/369/93
f 127/376/94 128/375/94 126/374/94 125/373/94
f 126/380/95 121/379/95 122/378/95 125/377/95
f 127/384/96 124/383/96 123/382/96 128/381/96
o leftArm
v 0.5780320231829998 0.6428900316320397 -0.2822034403931773
v 0.5028446863132476 0.553402797529039 0.007615726169403703
v 0.5632787409395936 0.7018941269241513 -0.26781221383649334
v 0.4880914040698414 0.6124068928211506 0.02200695272608766
v 0.44400197021325993 0.5431828104418062 -0.010805365706840472
v 0.519189307083012 0.6326700445448069 -0.30062453226942143
v 0.4292486879698536 0.6021869057339178 0.0035858608498434835
v 0.5044360248396058 0.6916741398369185 -0.28623330571273753
vt 0.5625 0.859375
vt 0.578125 0.859375
vt 0.578125 0.84375
vt 0.5625 0.84375
vt 0.546875 0.703125
vt 0.625 0.703125
vt 0.625 0.6875
vt 0.546875 0.6875
vt 0.5625 0.640625
vt 0.578125 0.640625
vt 0.578125 0.625
vt 0.5625 0.625
vt 0.546875 0.6875
vt 0.625 0.6875
vt 0.625 0.671875
vt 0.546875 0.671875
vt 0.375 0.53125
vt 0.359375 0.53125
vt 0.359375 0.609375
vt 0.375 0.609375
vt 0.25 0.578125
vt 0.234375 0.578125
vt 0.234375 0.5
vt 0.25 0.5
vn -0.2405994779832074 -0.28635914912960253 0.9274213330002595
vn 0.9414834575998055 0.16351979339572367 0.2947374700199068
vn 0.2405994779832074 0.28635914912960253 -0.9274213330002595
vn -0.9414834575998055 -0.16351979339572367 -0.2947374700199068
vn 0.2360525158945014 -0.9440655246737856 -0.23025962490694346
vn -0.2360525158945014 0.9440655246737856 0.23025962490694346
usemtl m_9864edc4-fc83-fe93-9042-eabaf52234ec
f 132/388/97 135/387/97 133/386/97 130/385/97
f 131/392/98 132/391/98 130/390/98 129/389/98
f 136/396/99 131/395/99 129/394/99 134/393/99
f 135/400/100 136/399/100 134/398/100 133/397/100
f 134/404/101 129/403/101 130/402/101 133/401/101
f 135/408/102 132/407/102 131/406/102 136/405/102
o leftArm
v 0.5286203270207994 0.5117047228317635 0.0014275792209517968
v 0.5211015933338241 0.5027559994214634 0.030409495877209897
v 0.49173712141228365 0.6592149610620424 0.037405645612661687
v 0.4842183877253084 0.6502662376517423 0.06638756226891979
v 0.43283751918384245 0.4874260187906143 0.0027778580628436272
v 0.4403562528708177 0.4963747422009144 -0.026204058593414473
v 0.3959543135753267 0.6349362570208932 0.03875592445455352
v 0.40347304726230193 0.6438849804311932 0.009774007798295417
vt 0.546875 0.75
vt 0.578125 0.75
vt 0.578125 0.703125
vt 0.546875 0.703125
vt 0.421875 0.421875
vt 0.4375 0.421875
vt 0.4375 0.375
vt 0.421875 0.375
vt 0.546875 0.625
vt 0.578125 0.625
vt 0.578125 0.578125
vt 0.546875 0.578125
vt 0.578125 0.578125
vt 0.59375 0.578125
vt 0.59375 0.53125
vt 0.578125 0.53125
vt 0.625 0.890625
vt 0.59375 0.890625
vt 0.59375 0.90625
vt 0.625 0.90625
vt 0.625 0.890625
vt 0.59375 0.890625
vt 0.59375 0.875
vt 0.625 0.875
vn -0.2405994779832074 -0.28635914912960253 0.9274213330002595
vn 0.9414834575998055 0.16351979339572367 0.2947374700199068
vn 0.2405994779832074 0.28635914912960253 -0.9274213330002595
vn -0.9414834575998055 -0.16351979339572367 -0.2947374700199068
vn 0.2360525158945014 -0.9440655246737856 -0.23025962490694346
vn -0.2360525158945014 0.9440655246737856 0.23025962490694346
usemtl m_9864edc4-fc83-fe93-9042-eabaf52234ec
f 140/412/103 143/411/103 141/410/103 138/409/103
f 139/416/104 140/415/104 138/414/104 137/413/104
f 144/420/105 139/419/105 137/418/105 142/417/105
f 143/424/106 144/423/106 142/422/106 141/421/106
f 142/428/107 137/427/107 138/426/107 141/425/107
f 143/432/108 140/431/108 139/430/108 144/429/108
o leftArm
v 0.48430359416212715 0.5271480535239028 0.02839456321742978
v 0.3790413225444741 0.4018659257797017 0.4341413964050432
v 0.4621736707970176 0.6156541964620701 0.049981403052455714
v 0.35691139917936454 0.490372068717869 0.45572823624006914
v 0.3496199644944802 0.3967559322360854 0.42493085046692114
v 0.45488223611213324 0.5220380599802865 0.0191840172793077
v 0.32749004112937063 0.4852620751742527 0.44651769030194705
v 0.4327523127470237 0.6105442029184538 0.04077085711433363
vt 0.46875 0.59375
vt 0.484375 0.59375
vt 0.484375 0.5625
vt 0.46875 0.5625
vt 0.4375 0.84375
vt 0.546875 0.84375
vt 0.546875 0.8125
vt 0.4375 0.8125
vt 0.53125 0.625
vt 0.546875 0.625
vt 0.546875 0.59375
vt 0.53125 0.59375
vt 0.4375 0.8125
vt 0.546875 0.8125
vt 0.546875 0.78125
vt 0.4375 0.78125
vt 0.546875 0.890625
vt 0.53125 0.890625
vt 0.53125 1
vt 0.546875 1
vt 0.546875 0.78125
vt 0.53125 0.78125
vt 0.53125 0.671875
vt 0.546875 0.671875
vn -0.2405994779832074 -0.28635914912960253 0.9274213330002595
vn 0.9414834575998055 0.16351979339572367 0.2947374700199068
vn 0.2405994779832074 0.28635914912960253 -0.9274213330002595
vn -0.9414834575998055 -0.16351979339572367 -0.2947374700199068
vn 0.2360525158945014 -0.9440655246737856 -0.23025962490694346
vn -0.2360525158945014 0.9440655246737856 0.23025962490694346
usemtl m_9864edc4-fc83-fe93-9042-eabaf52234ec
f 148/436/109 151/435/109 149/434/109 146/433/109
f 147/440/110 148/439/110 146/438/110 145/437/110
f 152/444/111 147/443/111 145/442/111 150/441/111
f 151/448/112 152/447/112 150/446/112 149/445/112
f 150/452/113 145/451/113 146/450/113 149/449/113
f 151/456/114 148/455/114 147/454/114 152/453/114
o leftArm
v 0.37904132254447404 0.4018659257797017 0.43414139640504323
v 0.2587415835528705 0.25868635121490047 0.8978520629051727
v 0.3569113991793645 0.490372068717869 0.4557282362400691
v 0.23661166018776097 0.34719249415306774 0.9194389027401988
v 0.22932022550287662 0.25357635767128417 0.8886415169670507
v 0.34961996449448013 0.3967559322360854 0.42493085046692114
v 0.20719030213776707 0.34208250060945145 0.9102283568020766
v 0.3274900411293706 0.4852620751742527 0.446517690301947
vt 0.46875 0.421875
vt 0.484375 0.421875
vt 0.484375 0.390625
vt 0.46875 0.390625
vt 0 0.5625
vt 0.125 0.5625
vt 0.125 0.53125
vt 0 0.53125
vt 0.59375 0.671875
vt 0.609375 0.671875
vt 0.609375 0.640625
vt 0.59375 0.640625
vt 0.4375 0.875
vt 0.5625 0.875
vt 0.5625 0.84375
vt 0.4375 0.84375
vt 0.296875 0.359375
vt 0.28125 0.359375
vt 0.28125 0.484375
vt 0.296875 0.484375
vt 0.53125 0.5
vt 0.515625 0.5
vt 0.515625 0.375
vt 0.53125 0.375
vn -0.2405994779832074 -0.28635914912960253 0.9274213330002595
vn 0.9414834575998055 0.16351979339572367 0.2947374700199068
vn 0.2405994779832074 0.28635914912960253 -0.9274213330002595
vn -0.9414834575998055 -0.16351979339572367 -0.2947374700199068
vn 0.2360525158945014 -0.9440655246737856 -0.23025962490694346
vn -0.2360525158945014 0.9440655246737856 0.23025962490694346
usemtl m_9864edc4-fc83-fe93-9042-eabaf52234ec
f 156/460/115 159/459/115 157/458/115 154/457/115
f 155/464/116 156/463/116 154/462/116 153/461/116
f 160/468/117 155/467/117 153/466/117 158/465/117
f 159/472/118 160/471/118 158/470/118 157/469/118
f 158/476/119 153/475/119 154/474/119 157/473/119
f 159/480/120 156/479/120 155/478/120 160/477/120
o leftArm
v 0.2587415835528705 0.25868635121490047 0.8978520629051727
v 0.24370411617892013 0.24078890439430034 0.955815896217689
v 0.2439883013094642 0.31769044650701184 0.9122432894618568
v 0.2289508339355138 0.2997929996864117 0.9702071227743732
v 0.21428275812892622 0.23567891085068404 0.946605350279567
v 0.22932022550287662 0.25357635767128417 0.8886415169670507
v 0.1995294758855199 0.2946830061427954 0.960996576836251
v 0.2145669432594703 0.31258045296339554 0.9030327435237346
vt 0.390625 0.40625
vt 0.40625 0.40625
vt 0.40625 0.390625
vt 0.390625 0.390625
vt 0.40625 0.40625
vt 0.421875 0.40625
vt 0.421875 0.390625
vt 0.40625 0.390625
vt 0.59375 0.578125
vt 0.609375 0.578125
vt 0.609375 0.5625
vt 0.59375 0.5625
vt 0.4375 0.40625
vt 0.453125 0.40625
vt 0.453125 0.390625
vt 0.4375 0.390625
vt 0.609375 0.546875
vt 0.59375 0.546875
vt 0.59375 0.5625
vt 0.609375 0.5625
vt 0.46875 0.40625
vt 0.453125 0.40625
vt 0.453125 0.390625
vt 0.46875 0.390625
vn -0.2405994779832074 -0.28635914912960253 0.9274213330002595
vn 0.9414834575998055 0.16351979339572367 0.2947374700199068
vn 0.2405994779832074 0.28635914912960253 -0.9274213330002595
vn -0.9414834575998055 -0.16351979339572367 -0.2947374700199068
vn 0.2360525158945014 -0.9440655246737856 -0.23025962490694346
vn -0.2360525158945014 0.9440655246737856 0.23025962490694346
usemtl m_9864edc4-fc83-fe93-9042-eabaf52234ec
f 164/484/121 167/483/121 165/482/121 162/481/121
f 163/488/122 164/487/122 162/486/122 161/485/122
f 168/492/123 163/491/123 161/490/123 166/489/123
f 167/496/124 168/495/124 166/494/124 165/493/124
f 166/500/125 161/499/125 162/498/125 165/497/125
f 167/504/126 164/503/126 163/502/126 168/501/126
o head
v 0.41779021064429867 0.7230435966390493 0.2339837440096615
v 0.8465574754966511 0.6006595726466143 0.007752041407104948
v 0.20722534409224924 0.30346629623518273 0.06188689348728549
v 0.6359926089446016 0.18108227224274775 -0.16434480911527116
v 0.6988379115758548 0.8435114609596818 -0.4035895329296343
v 0.27007064672350245 0.9658954849521167 -0.17735783032707764
v 0.4882730450238054 0.42393416055581523 -0.5756863834520104
v 0.05950578017145303 0.5463181845482502 -0.34945468084945375
vt 0 1
vt 0.125 1
vt 0.125 0.875
vt 0 0.875
vt 0 0.875
vt 0.125 0.875
vt 0.125 0.75
vt 0 0.75
vt 0.125 1
vt 0.25 1
vt 0.25 0.875
vt 0.125 0.875
vt 0.125 0.875
vt 0.25 0.875
vt 0.25 0.75
vt 0.125 0.75
vt 0.125 0.625
vt 0 0.625
vt 0 0.75
vt 0.125 0.75
vt 0.375 1
vt 0.25 1
vt 0.25 0.875
vt 0.375 0.875
vn 0.857534529704705 -0.24476804798487042 -0.4524634052051133
vn 0.2954391278415925 -0.48570377662613473 0.8226831486734787
vn -0.857534529704705 0.24476804798487042 0.4524634052051133
vn -0.2954391278415925 0.48570377662613473 -0.8226831486734787
vn 0.4211297331040989 0.8391546008077331 0.3441937010447525
vn -0.4211297331040989 -0.8391546008077331 -0.3441937010447525
usemtl m_9864edc4-fc83-fe93-9042-eabaf52234ec
f 172/508/127 175/507/127 173/506/127 170/505/127
f 171/512/128 172/511/128 170/510/128 169/509/128
f 176/516/129 171/515/129 169/514/129 174/513/129
f 175/520/130 176/519/130 174/518/130 173/517/130
f 174/524/131 169/523/131 170/522/131 173/521/131
f 175/528/132 172/527/132 171/526/132 176/525/132
o cube
v 0.3125 2 0.1875
v 0.3125 2 -0.1875
v 0.3125 0 0.1875
v 0.3125 0 -0.1875
v -0.3125 2 -0.1875
v -0.3125 2 0.1875
v -0.3125 0 -0.1875
v -0.3125 0 0.1875