# Made in Blockbench 4.12.2
mtllib Rocky.mtl

o hitbox
v 1.34375 3.875 1.625
v 1.34375 3.875 -0.875
v 1.34375 0 1.625
v 1.34375 0 -0.875
v -1.15625 3.875 -0.875
v -1.15625 3.875 1.625
v -1.15625 0 -0.875
v -1.15625 0 1.625
o cube
v 1.265625 2.517811046543517 -1.5075789453429458
v 1.265625 1.2570021317711517 -1.617885432257951
v 1.265625 2.407504559628512 -0.24677003057058045
v 1.265625 1.1466956448561465 -0.35707651748558566
v -1.265625 1.2570021317711517 -1.617885432257951
v -1.265625 2.517811046543517 -1.5075789453429458
v -1.265625 1.1466956448561465 -0.35707651748558566
v -1.265625 2.407504559628512 -0.24677003057058045
vt 0 1
vt 0.140625 1
vt 0.140625 0.9296875
vt 0 0.9296875
vt 0.3203125 0.8203125
vt 0.390625 0.8203125
vt 0.390625 0.75
vt 0.3203125 0.75
vt 0 0.9296875
vt 0.140625 0.9296875
vt 0.140625 0.859375
vt 0 0.859375
vt 0.3203125 0.75
vt 0.390625 0.75
vt 0.390625 0.6796875
vt 0.3203125 0.6796875
vt 0.140625 0.7890625
vt 0 0.7890625
vt 0 0.859375
vt 0.140625 0.859375
vt 0.28125 1
vt 0.140625 1
vt 0.140625 0.9296875
vt 0.28125 0.9296875
vn 0 -0.9961946980917457 -0.08715574274765849
vn 1 0 0
vn 0 0.9961946980917457 0.08715574274765849
vn -1 0 0
vn 0 0.08715574274765849 -0.9961946980917457
vn 0 -0.08715574274765849 0.9961946980917457
usemtl m_d9305973-deba-ca33-40e9-62517e6e57ed
f 12/4/1 15/3/1 13/2/1 10/1/1
f 11/8/2 12/7/2 10/6/2 9/5/2
f 16/12/3 11/11/3 9/10/3 14/9/3
f 15/16/4 16/15/4 14/14/4 13/13/4
f 14/20/5 9/19/5 10/18/5 13/17/5
f 15/24/6 12/23/6 11/22/6 16/21/6
o cube
v 0.84375 1.018862041760884 -0.5094226732286269
v 0.84375 0.7386822829225808 -0.5339352258764061
v 0.84375 1.0066057654369946 -0.36933279380947504
v 0.84375 0.7264260065986913 -0.3938453464572542
v -0.84375 0.7386822829225808 -0.5339352258764061
v -0.84375 1.018862041760884 -0.5094226732286269
v -0.84375 0.7264260065986913 -0.3938453464572542
v -0.84375 1.0066057654369946 -0.36933279380947504
vt 0.7421875 0.65625
vt 0.8359375 0.65625
vt 0.8359375 0.6484375
vt 0.7421875 0.6484375
vt 0.125 0.609375
vt 0.140625 0.609375
vt 0.140625 0.6015625
vt 0.125 0.6015625
vt 0.5546875 0.2578125
vt 0.6484375 0.2578125
vt 0.6484375 0.25
vt 0.5546875 0.25
vt 0.421875 0.890625
vt 0.4375 0.890625
vt 0.4375 0.8828125
vt 0.421875 0.8828125
vt 0.75 0.59375
vt 0.65625 0.59375
vt 0.65625 0.609375
vt 0.75 0.609375
vt 0.75 0.3828125
vt 0.65625 0.3828125
vt 0.65625 0.3671875
vt 0.75 0.3671875
vn 0 -0.9961946980917457 -0.08715574274765849
vn 1 0 0
vn 0 0.9961946980917457 0.08715574274765849
vn -1 0 0
vn 0 0.08715574274765849 -0.9961946980917457
vn 0 -0.08715574274765849 0.9961946980917457
usemtl m_d9305973-deba-ca33-40e9-62517e6e57ed
f 20/28/7 23/27/7 21/26/7 18/25/7
f 19/32/8 20/31/8 18/30/8 17/29/8
f 24/36/9 19/35/9 17/34/9 22/33/9
f 23/40/10 24/39/10 22/38/10 21/37/10
f 22/44/11 17/43/11 18/42/11 21/41/11
f 23/48/12 20/47/12 19/46/12 24/45/12
o cube
v 0.703125 2.0537871428468715 0.5692566932965506
v 0.703125 1.0731579869128096 0.48346275902932434
v 0.703125 2.0047620375513135 1.1296162109731576
v 0.703125 1.0241328816172517 1.043822276705931
v -0.703125 1.0731579869128096 0.48346275902932434
v -0.703125 2.0537871428468715 0.5692566932965506
v -0.703125 1.0241328816172517 1.043822276705931
v -0.703125 2.0047620375513135 1.1296162109731576
vt 0.5390625 0.9609375
vt 0.6171875 0.9609375
vt 0.6171875 0.9296875
vt 0.5390625 0.9296875
vt 0.6328125 0.5234375
vt 0.6875 0.5234375
vt 0.6875 0.4921875
vt 0.6328125 0.4921875
vt 0.5390625 0.9296875
vt 0.6171875 0.9296875
vt 0.6171875 0.8984375
vt 0.5390625 0.8984375
vt 0.6328125 0.4921875
vt 0.6875 0.4921875
vt 0.6875 0.4609375
vt 0.6328125 0.4609375
vt 0.4375 0.828125
vt 0.359375 0.828125
vt 0.359375 0.8828125
vt 0.4375 0.8828125
vt 0.46875 0.828125
vt 0.390625 0.828125
vt 0.390625 0.7734375
vt 0.46875 0.7734375
vn 0 -0.9961946980917457 -0.08715574274765849
vn 1 0 0
vn 0 0.9961946980917457 0.08715574274765849
vn -1 0 0
vn 0 0.08715574274765849 -0.9961946980917457
vn 0 -0.08715574274765849 0.9961946980917457
usemtl m_d9305973-deba-ca33-40e9-62517e6e57ed
f 28/52/13 31/51/13 29/50/13 26/49/13
f 27/56/14 28/55/14 26/54/14 25/53/14
f 32/60/15 27/59/15 25/58/15 30/57/15
f 31/64/16 32/63/16 30/62/16 29/61/16
f 30/68/17 25/67/17 26/66/17 29/65/17
f 31/72/18 28/71/18 27/70/18 32/69/18
o cube
v 0.984375 2.645644649638779 -1.355232789599905
v 0.984375 2.5055547702196277 -1.3674890659237944
v 0.984375 2.559850715371553 -0.37460363366584293
v 0.984375 2.419760835952401 -0.3868599099897323
v -0.984375 2.5055547702196277 -1.3674890659237944
v -0.984375 2.645644649638779 -1.355232789599905
v -0.984375 2.419760835952401 -0.3868599099897323
v -0.984375 2.559850715371553 -0.37460363366584293
vt 0.25 0.9296875
vt 0.359375 0.9296875
vt 0.359375 0.875
vt 0.25 0.875
vt 0.4453125 0.25
vt 0.453125 0.25
vt 0.453125 0.1953125
vt 0.4453125 0.1953125
vt 0.25 0.875
vt 0.359375 0.875
vt 0.359375 0.8203125
vt 0.25 0.8203125
vt 0.6796875 0.25
vt 0.6875 0.25
vt 0.6875 0.1953125
vt 0.6796875 0.1953125
vt 0.84375 0.796875
vt 0.734375 0.796875
vt 0.734375 0.8046875
vt 0.84375 0.8046875
vt 0.84375 0.796875
vt 0.734375 0.796875
vt 0.734375 0.7890625
vt 0.84375 0.7890625
vn 0 -0.9961946980917457 -0.08715574274765849
vn 1 0 0
vn 0 0.9961946980917457 0.08715574274765849
vn -1 0 0
vn 0 0.08715574274765849 -0.9961946980917457
vn 0 -0.08715574274765849 0.9961946980917457
usemtl m_d9305973-deba-ca33-40e9-62517e6e57ed
f 36/76/19 39/75/19 37/74/19 34/73/19
f 35/80/20 36/79/20 34/78/20 33/77/20
f 40/84/21 35/83/21 33/82/21 38/81/21
f 39/88/22 40/87/22 38/86/22 37/85/22
f 38/92/23 33/91/23 34/90/23 37/89/23
f 39/96/24 36/95/24 35/94/24 40/93/24
o cube
v 0.84375 2.657900925962669 -1.4953226690190564
v 0.84375 2.517811046543517 -1.5075789453429458
v 0.84375 2.645644649638779 -1.355232789599905
v 0.84375 2.5055547702196277 -1.3674890659237944
v -0.84375 2.517811046543517 -1.5075789453429458
v -0.84375 2.657900925962669 -1.4953226690190564
v -0.84375 2.5055547702196277 -1.3674890659237944
v -0.84375 2.645644649638779 -1.355232789599905
vt 0.734375 0.578125
vt 0.828125 0.578125
vt 0.828125 0.5703125
vt 0.734375 0.5703125
vt 0.25 0.21875
vt 0.2578125 0.21875
vt 0.2578125 0.2109375
vt 0.25 0.2109375
vt 0.5546875 0.265625
vt 0.6484375 0.265625
vt 0.6484375 0.2578125
vt 0.5546875 0.2578125
vt 0.2578125 0.21875
vt 0.265625 0.21875
vt 0.265625 0.2109375
vt 0.2578125 0.2109375
vt 0.78125 0.2578125
vt 0.6875 0.2578125
vt 0.6875 0.265625
vt 0.78125 0.265625
vt 0.828125 0.2890625
vt 0.734375 0.2890625
vt 0.734375 0.28125
vt 0.828125 0.28125
vn 0 -0.9961946980917457 -0.08715574274765849
vn 1 0 0
vn 0 0.9961946980917457 0.08715574274765849
vn -1 0 0
vn 0 0.08715574274765849 -0.9961946980917457
vn 0 -0.08715574274765849 0.9961946980917457
usemtl m_d9305973-deba-ca33-40e9-62517e6e57ed
f 44/100/25 47/99/25 45/98/25 42/97/25
f 43/104/26 44/103/26 42/102/26 41/101/26
f 48/108/27 43/107/27 41/106/27 46/105/27
f 47/112/28 48/111/28 46/110/28 45/109/28
f 46/116/29 41/115/29 42/114/29 45/113/29
f 47/120/30 44/119/30 43/118/30 48/117/30
o cube
v 0.84375 2.559850715371553 -0.37460363366584293
v 0.84375 2.419760835952401 -0.3868599099897323
v 0.84375 2.5475944390476633 -0.23451375424669108
v 0.84375 2.407504559628512 -0.24677003057058045
v -0.84375 2.419760835952401 -0.3868599099897323
v -0.84375 2.559850715371553 -0.37460363366584293
v -0.84375 2.407504559628512 -0.24677003057058045
v -0.84375 2.5475944390476633 -0.23451375424669108
vt 0.734375 0.28125
vt 0.828125 0.28125
vt 0.828125 0.2734375
vt 0.734375 0.2734375
vt 0.78125 0.7421875
vt 0.7890625 0.7421875
vt 0.7890625 0.734375
vt 0.78125 0.734375
vt 0.734375 0.2734375
vt 0.828125 0.2734375
vt 0.828125 0.265625
vt 0.734375 0.265625
vt 0.265625 0.21875
vt 0.2734375 0.21875
vt 0.2734375 0.2109375
vt 0.265625 0.2109375
vt 0.1640625 0.25
vt 0.0703125 0.25
vt 0.0703125 0.2578125
vt 0.1640625 0.2578125
vt 0.8359375 0.6640625
vt 0.7421875 0.6640625
vt 0.7421875 0.65625
vt 0.8359375 0.65625
vn 0 -0.9961946980917457 -0.08715574274765849
vn 1 0 0
vn 0 0.9961946980917457 0.08715574274765849
vn -1 0 0
vn 0 0.08715574274765849 -0.9961946980917457
vn 0 -0.08715574274765849 0.9961946980917457
usemtl m_d9305973-deba-ca33-40e9-62517e6e57ed
f 52/124/31 55/123/31 53/122/31 50/121/31
f 51/128/32 52/127/32 50/126/32 49/125/32
f 56/132/33 51/131/33 49/130/33 54/129/33
f 55/136/34 56/135/34 54/134/34 53/133/34
f 54/140/35 49/139/35 50/138/35 53/137/35
f 55/144/36 52/143/36 51/142/36 56/141/36
o cube
v 1.125 2.6333883733148897 -1.2151429101807532
v 1.125 2.493298493895738 -1.2273991865046425
v 1.125 2.5721069916954424 -0.5146935130849948
v 1.125 2.4320171122762906 -0.5269497894088842
v 0.984375 2.493298493895738 -1.2273991865046425
v 0.984375 2.6333883733148897 -1.2151429101807532
v 0.984375 2.4320171122762906 -0.5269497894088842
v 0.984375 2.5721069916954424 -0.5146935130849948
vt 0.515625 0.234375
vt 0.5234375 0.234375
vt 0.5234375 0.1953125
vt 0.515625 0.1953125
vt 0.5234375 0.234375
vt 0.53125 0.234375
vt 0.53125 0.1953125
vt 0.5234375 0.1953125
vt 0.53125 0.234375
vt 0.5390625 0.234375
vt 0.5390625 0.1953125
vt 0.53125 0.1953125
vt 0.5390625 0.234375
vt 0.546875 0.234375
vt 0.546875 0.1953125
vt 0.5390625 0.1953125
vt 0.078125 0.265625
vt 0.0703125 0.265625
vt 0.0703125 0.2734375
vt 0.078125 0.2734375
vt 0.0859375 0.2734375
vt 0.078125 0.2734375
vt 0.078125 0.265625
vt 0.0859375 0.265625
vn 0 -0.9961946980917457 -0.08715574274765849
vn 1 0 0
vn 0 0.9961946980917457 0.08715574274765849
vn -1 0 0
vn 0 0.08715574274765849 -0.9961946980917457
vn 0 -0.08715574274765849 0.9961946980917457
usemtl m_d9305973-deba-ca33-40e9-62517e6e57ed
f 60/148/37 63/147/37 61/146/37 58/145/37
f 59/152/38 60/151/38 58/150/38 57/149/38
f 64/156/39 59/155/39 57/154/39 62/153/39
f 63/160/40 64/159/40 62/158/40 61/157/40
f 62/164/41 57/163/41 58/162/41 61/161/41
f 63/168/42 60/167/42 59/166/42 64/165/42
o cube
v -0.984375 2.6333883733148897 -1.2151429101807532
v -0.984375 2.493298493895738 -1.2273991865046425
v -0.984375 2.5721069916954424 -0.5146935130849948
v -0.984375 2.4320171122762906 -0.5269497894088842
v -1.125 2.493298493895738 -1.2273991865046425
v -1.125 2.6333883733148897 -1.2151429101807532
v -1.125 2.4320171122762906 -0.5269497894088842
v -1.125 2.5721069916954424 -0.5146935130849948
vt 0.546875 0.234375
vt 0.5546875 0.234375
vt 0.5546875 0.1953125
vt 0.546875 0.1953125
vt 0.640625 0.234375
vt 0.6484375 0.234375
vt 0.6484375 0.1953125
vt 0.640625 0.1953125
vt 0.6484375 0.234375
vt 0.65625 0.234375
vt 0.65625 0.1953125
vt 0.6484375 0.1953125
vt 0.65625 0.234375
vt 0.6640625 0.234375
vt 0.6640625 0.1953125
vt 0.65625 0.1953125
vt 0.5625 0.265625
vt 0.5546875 0.265625
vt 0.5546875 0.2734375
vt 0.5625 0.2734375
vt 0.5703125 0.2734375
vt 0.5625 0.2734375
vt 0.5625 0.265625
vt 0.5703125 0.265625
vn 0 -0.9961946980917457 -0.08715574274765849
vn 1 0 0
vn 0 0.9961946980917457 0.08715574274765849
vn -1 0 0
vn 0 0.08715574274765849 -0.9961946980917457
vn 0 -0.08715574274765849 0.9961946980917457
usemtl m_d9305973-deba-ca33-40e9-62517e6e57ed
f 68/172/43 71/171/43 69/170/43 66/169/43
f 67/176/44 68/175/44 66/174/44 65/173/44
f 72/180/45 67/179/45 65/178/45 70/177/45
f 71/184/46 72/183/46 70/182/46 69/181/46
f 70/188/47 65/187/47 66/186/47 69/185/47
f 71/192/48 68/191/48 67/190/48 72/189/48
o cube
v 1.125 1.2447458554472621 -1.4777955528387996
v 1.125 1.1046559760281105 -1.490051829162689
v 1.125 1.1589519211800359 -0.4971663969047375
v 1.125 1.018862041760884 -0.5094226732286269
v -1.125 1.1046559760281105 -1.490051829162689
v -1.125 1.2447458554472621 -1.4777955528387996
v -1.125 1.018862041760884 -0.5094226732286269
v -1.125 1.1589519211800359 -0.4971663969047375
vt 0 0.7890625
vt 0.125 0.7890625
vt 0.125 0.734375
vt 0 0.734375
vt 0.171875 0.2578125
vt 0.1796875 0.2578125
vt 0.1796875 0.203125
vt 0.171875 0.203125
vt 0.125 0.7734375
vt 0.25 0.7734375
vt 0.25 0.71875
vt 0.125 0.71875
vt 0.2890625 0.25
vt 0.296875 0.25
vt 0.296875 0.1953125
vt 0.2890625 0.1953125
vt 0.8359375 0.890625
vt 0.7109375 0.890625
vt 0.7109375 0.8984375
vt 0.8359375 0.8984375
vt 0.8359375 0.7265625
vt 0.7109375 0.7265625
vt 0.7109375 0.71875
vt 0.8359375 0.71875
vn 0 -0.9961946980917457 -0.08715574274765849
vn 1 0 0
vn 0 0.9961946980917457 0.08715574274765849
vn -1 0 0
vn 0 0.08715574274765849 -0.9961946980917457
vn 0 -0.08715574274765849 0.9961946980917457
usemtl m_d9305973-deba-ca33-40e9-62517e6e57ed
f 76/196/49 79/195/49 77/194/49 74/193/49
f 75/200/50 76/199/50 74/198/50 73/197/50
f 80/204/51 75/203/51 73/202/51 78/201/51
f 79/208/52 80/207/52 78/206/52 77/205/52
f 78/212/53 73/211/53 74/210/53 77/209/53
f 79/216/54 76/215/54 75/214/54 80/213/54
o cube
v -1.125 1.2324895791233728 -1.3377056734196477
v -1.125 1.092399699704221 -1.3499619497435371
v -1.125 1.1712081975039252 -0.6372562763238894
v -1.125 1.0311183180847736 -0.6495125526477787
v -1.265625 1.092399699704221 -1.3499619497435371
v -1.265625 1.2324895791233728 -1.3377056734196477
v -1.265625 1.0311183180847736 -0.6495125526477787
v -1.265625 1.1712081975039252 -0.6372562763238894
vt 0.1875 0.234375
vt 0.1953125 0.234375
vt 0.1953125 0.1953125
vt 0.1875 0.1953125
vt 0.1953125 0.234375
vt 0.203125 0.234375
vt 0.203125 0.1953125
vt 0.1953125 0.1953125
vt 0.765625 0.71875
vt 0.7734375 0.71875
vt 0.7734375 0.6796875
vt 0.765625 0.6796875
vt 0.453125 0.234375
vt 0.4609375 0.234375
vt 0.4609375 0.1953125
vt 0.453125 0.1953125
vt 0.59375 0.296875
vt 0.5859375 0.296875
vt 0.5859375 0.3046875
vt 0.59375 0.3046875
vt 0.3359375 0.2890625
vt 0.328125 0.2890625
vt 0.328125 0.28125
vt 0.3359375 0.28125
vn 0 -0.9961946980917457 -0.08715574274765849
vn 1 0 0
vn 0 0.9961946980917457 0.08715574274765849
vn -1 0 0
vn 0 0.08715574274765849 -0.9961946980917457
vn 0 -0.08715574274765849 0.9961946980917457
usemtl m_d9305973-deba-ca33-40e9-62517e6e57ed
f 84/220/55 87/219/55 85/218/55 82/217/55
f 83/224/56 84/223/56 82/222/56 81/221/56
f 88/228/57 83/227/57 81/226/57 86/225/57
f 87/232/58 88/231/58 86/230/58 85/229/58
f 86/236/59 81/235/59 82/234/59 85/233/59
f 87/240/60 84/239/60 83/238/60 88/237/60
o cube
v 1.265625 1.2324895791233728 -1.3377056734196477
v 1.265625 1.092399699704221 -1.3499619497435371
v 1.265625 1.1712081975039252 -0.6372562763238894
v 1.265625 1.0311183180847736 -0.6495125526477787
v 1.125 1.092399699704221 -1.3499619497435371
v 1.125 1.2324895791233728 -1.3377056734196477
v 1.125 1.0311183180847736 -0.6495125526477787
v 1.125 1.1712081975039252 -0.6372562763238894
vt 0.4609375 0.234375
vt 0.46875 0.234375
vt 0.46875 0.1953125
vt 0.4609375 0.1953125
vt 0.46875 0.234375
vt 0.4765625 0.234375
vt 0.4765625 0.1953125
vt 0.46875 0.1953125
vt 0.5 0.234375
vt 0.5078125 0.234375
vt 0.5078125 0.1953125
vt 0.5 0.1953125
vt 0.5078125 0.234375
vt 0.515625 0.234375
vt 0.515625 0.1953125
vt 0.5078125 0.1953125
vt 0.5078125 0.28125
vt 0.5 0.28125
vt 0.5 0.2890625
vt 0.5078125 0.2890625
vt 0.5078125 0.28125
vt 0.5 0.28125
vt 0.5 0.2734375
vt 0.5078125 0.2734375
vn 0 -0.9961946980917457 -0.08715574274765849
vn 1 0 0
vn 0 0.9961946980917457 0.08715574274765849
vn -1 0 0
vn 0 0.08715574274765849 -0.9961946980917457
vn 0 -0.08715574274765849 0.9961946980917457
usemtl m_d9305973-deba-ca33-40e9-62517e6e57ed
f 92/244/61 95/243/61 93/242/61 90/241/61
f 91/248/62 92/247/62 90/246/62 89/245/62
f 96/252/63 91/251/63 89/250/63 94/249/63
f 95/256/64 96/255/64 94/254/64 93/253/64
f 94/260/65 89/259/65 90/258/65 93/257/65
f 95/264/66 92/263/66 91/262/66 96/261/66
o cube
v 0.984375 1.2570021317711517 -1.617885432257951
v 0.984375 1.1169122523519999 -1.6301417085818404
v 0.984375 1.2447458554472621 -1.4777955528387996
v 0.984375 1.1046559760281105 -1.490051829162689
v -0.984375 1.1169122523519999 -1.6301417085818404
v -0.984375 1.2570021317711517 -1.617885432257951
v -0.984375 1.1046559760281105 -1.490051829162689
v -0.984375 1.2447458554472621 -1.4777955528387996
vt 0.71875 0.828125
vt 0.828125 0.828125
vt 0.828125 0.8203125
vt 0.71875 0.8203125
vt 0.21875 0.3203125
vt 0.2265625 0.3203125
vt 0.2265625 0.3125
vt 0.21875 0.3125
vt 0.71875 0.3046875
vt 0.828125 0.3046875
vt 0.828125 0.296875
vt 0.71875 0.296875
vt 0.3359375 0.3203125
vt 0.34375 0.3203125
vt 0.34375 0.3125
vt 0.3359375 0.3125
vt 0.828125 0.2890625
vt 0.71875 0.2890625
vt 0.71875 0.296875
vt 0.828125 0.296875
vt 0.8359375 0.859375
vt 0.7265625 0.859375
vt 0.7265625 0.8515625
vt 0.8359375 0.8515625
vn 0 -0.9961946980917457 -0.08715574274765849
vn 1 0 0
vn 0 0.9961946980917457 0.08715574274765849
vn -1 0 0
vn 0 0.08715574274765849 -0.9961946980917457
vn 0 -0.08715574274765849 0.9961946980917457
usemtl m_d9305973-deba-ca33-40e9-62517e6e57ed
f 100/268/67 103/267/67 101/266/67 98/265/67
f 99/272/68 100/271/68 98/270/68 97/269/68
f 104/276/69 99/275/69 97/274/69 102/273/69
f 103/280/70 104/279/70 102/278/70 101/277/70
f 102/284/71 97/283/71 98/282/71 101/281/71
f 103/288/72 100/287/72 99/286/72 104/285/72
o cube
v 0.984375 1.1589519211800359 -0.4971663969047375
v 0.984375 1.018862041760884 -0.5094226732286269
v 0.984375 1.1466956448561465 -0.35707651748558566
v 0.984375 1.0066057654369946 -0.36933279380947504
v -0.984375 1.018862041760884 -0.5094226732286269
v -0.984375 1.1589519211800359 -0.4971663969047375
v -0.984375 1.0066057654369946 -0.36933279380947504
v -0.984375 1.1466956448561465 -0.35707651748558566
vt 0.7265625 0.6171875
vt 0.8359375 0.6171875
vt 0.8359375 0.609375
vt 0.7265625 0.609375
vt 0.5078125 0.3203125
vt 0.515625 0.3203125
vt 0.515625 0.3125
vt 0.5078125 0.3125
vt 0.0703125 0.265625
vt 0.1796875 0.265625
vt 0.1796875 0.2578125
vt 0.0703125 0.2578125
vt 0.5859375 0.3125
vt 0.59375 0.3125
vt 0.59375 0.3046875
vt 0.5859375 0.3046875
vt 0.84375 0.8125
vt 0.734375 0.8125
vt 0.734375 0.8203125
vt 0.84375 0.8203125
vt 0.84375 0.8125
vt 0.734375 0.8125
vt 0.734375 0.8046875
vt 0.84375 0.8046875
vn 0 -0.9961946980917457 -0.08715574274765849
vn 1 0 0
vn 0 0.9961946980917457 0.08715574274765849
vn -1 0 0
vn 0 0.08715574274765849 -0.9961946980917457
vn 0 -0.08715574274765849 0.9961946980917457
usemtl m_d9305973-deba-ca33-40e9-62517e6e57ed
f 108/292/73 111/291/73 109/290/73 106/289/73
f 107/296/74 108/295/74 106/294/74 105/293/74
f 112/300/75 107/299/75 105/298/75 110/297/75
f 111/304/76 112/303/76 110/302/76 109/301/76
f 110/308/77 105/307/77 106/306/77 109/305/77
f 111/312/78 108/311/78 107/310/78 112/309/78
o cube
v 1.3921875000000004 2.4851307206220414 -1.2889176813738863
v 1.3921875000000004 2.0964450878897125 -1.7521351805723933
v 1.3921875000000004 2.097320721293059 -0.9635064539700762
v 1.3921875000000004 1.70863508856073 -1.4267239531685831
v 0.6328125000000001 2.0964450878897125 -1.7521351805723933
v 0.6328125000000001 2.4851307206220414 -1.2889176813738863
v 0.6328125000000001 1.70863508856073 -1.4267239531685831
v 0.6328125000000001 2.097320721293059 -0.9635064539700762
vt 0.5703125 0.296875
vt 0.61328125 0.296875
vt 0.61328125 0.26953125
vt 0.5703125 0.26953125
vt 0.7265625 0.71875
vt 0.76171875 0.71875
vt 0.76171875 0.69140625
vt 0.7265625 0.69140625
vt 0.6171875 0.296875
vt 0.66015625 0.296875
vt 0.66015625 0.26953125
vt 0.6171875 0.26953125
vt 0.7265625 0.6484375
vt 0.76171875 0.6484375
vt 0.76171875 0.62109375
vt 0.7265625 0.62109375
vt 0.04296875 0.30078125
vt 0 0.30078125
vt 0 0.3359375
vt 0.04296875 0.3359375
vt 0.70703125 0.9609375
vt 0.6640625 0.9609375
vt 0.6640625 0.92578125
vt 0.70703125 0.92578125
vn 0 -0.642787609686539 -0.7660444431189782
vn 1 0 0
vn 0 0.642787609686539 0.7660444431189782
vn -1 0 0
vn 0 0.7660444431189782 -0.642787609686539
vn 0 -0.7660444431189782 0.642787609686539
usemtl m_d9305973-deba-ca33-40e9-62517e6e57ed
f 116/316/79 119/315/79 117/314/79 114/313/79
f 115/320/80 116/319/80 114/318/80 113/317/80
f 120/324/81 115/323/81 113/322/81 118/321/81
f 119/328/82 120/327/82 118/326/82 117/325/82
f 118/332/83 113/331/83 114/330/83 117/329/83
f 119/336/84 116/335/84 115/334/84 120/333/84
o cube
v -0.39012704901854967 2.0962698620184095 -1.7364395641283483
v -0.6236835313338684 1.5345602742046043 -1.7855827852558757
v -0.39012704901854967 2.0658742967351635 -1.389016663168852
v -0.6236835313338684 1.5041647089213583 -1.4381598842963794
v -1.1069880117788355 1.7339897565367293 -1.7681349663789714
v -0.8734315294635165 2.2956993443505347 -1.7189917452514436
v -1.1069880117788355 1.7035941912534833 -1.4207120654194751
v -0.8734315294635165 2.2653037790672887 -1.3715688442919474
vt 0.203125 0.2421875
vt 0.23046875 0.2421875
vt 0.23046875 0.22265625
vt 0.203125 0.22265625
vt 0.6015625 0.25
vt 0.63671875 0.25
vt 0.63671875 0.23046875
vt 0.6015625 0.23046875
vt 0.234375 0.2421875
vt 0.26171875 0.2421875
vt 0.26171875 0.22265625
vt 0.234375 0.22265625
vt 0.75 0.3828125
vt 0.78515625 0.3828125
vt 0.78515625 0.36328125
vt 0.75 0.36328125
vt 0.75390625 0.48828125
vt 0.7265625 0.48828125
vt 0.7265625 0.5234375
vt 0.75390625 0.5234375
vt 0.52734375 0.2734375
vt 0.5 0.2734375
vt 0.5 0.23828125
vt 0.52734375 0.23828125
vn -0.3826834323650898 -0.9203638919632244 -0.08052140686538069
vn 0.9238795325112868 -0.38122720636965357 -0.03335305878500273
vn 0.3826834323650898 0.9203638919632244 0.08052140686538069
vn -0.9238795325112868 0.38122720636965357 0.03335305878500273
vn 0 0.08715574274765847 -0.9961946980917455
vn 0 -0.08715574274765847 0.9961946980917455
usemtl m_d9305973-deba-ca33-40e9-62517e6e57ed
f 124/340/85 127/339/85 125/338/85 122/337/85
f 123/344/86 124/343/86 122/342/86 121/341/86
f 128/348/87 123/347/87 121/346/87 126/345/87
f 127/352/88 128/351/88 126/350/88 125/349/88
f 126/356/89 121/355/89 122/354/89 125/353/89
f 127/360/90 124/359/90 123/358/90 128/357/90
o cube
v 0.5552320350280853 2.4009034923169716 -1.7848104111179472
v 0.5552320350280853 1.7004540952212133 -1.8460917927373948
v 1.0524164905498765 2.3575710118133797 -1.2895178925535078
v 1.0524164905498765 1.6571216147176213 -1.350799274172955
v -0.04138931159806419 1.648455118616903 -1.251740770460067
v -0.04138931159806419 2.348904515712661 -1.1904593888406196
v 0.45579514392372705 1.605122638113311 -0.7564482518956275
v 0.45579514392372705 2.305572035209069 -0.6951668702761802
vt 0.2578125 0.390625
vt 0.3046875 0.390625
vt 0.3046875 0.3515625
vt 0.2578125 0.3515625
vt 0.640625 1
vt 0.6796875 1
vt 0.6796875 0.9609375
vt 0.640625 0.9609375
vt 0.34375 0.390625
vt 0.390625 0.390625
vt 0.390625 0.3515625
vt 0.34375 0.3515625
vt 0.640625 0.8203125
vt 0.6796875 0.8203125
vt 0.6796875 0.78125
vt 0.640625 0.78125
vt 0.65625 0.59375
vt 0.609375 0.59375
vt 0.609375 0.6328125
vt 0.65625 0.6328125
vt 0.4375 0.390625
vt 0.390625 0.390625
vt 0.390625 0.3515625
vt 0.4375 0.3515625
vn -6.938893903907228e-18 -0.9961946980917455 -0.08715574274765847
vn 0.7071067811865476 0.06162841671621958 -0.7044160264027588
vn 6.938893903907228e-18 0.9961946980917455 0.08715574274765847
vn -0.7071067811865476 -0.06162841671621958 0.7044160264027588
vn -0.7071067811865477 0.061628416716219575 -0.7044160264027587
vn 0.7071067811865477 -0.061628416716219575 0.7044160264027587
usemtl m_d9305973-deba-ca33-40e9-62517e6e57ed
f 132/364/91 135/363/91 133/362/91 130/361/91
f 131/368/92 132/367/92 130/366/92 129/365/92
f 136/372/93 131/371/93 129/370/93 134/369/93
f 135/376/94 136/375/94 134/374/94 133/373/94
f 134/380/95 129/379/95 130/378/95 133/377/95
f 135/384/96 132/383/96 131/382/96 136/381/96
o cube
v 0.984375 2.127324800790208 -0.27128258321835963
v 0.984375 0.7264260065986913 -0.3938453464572542
v 0.984375 2.0537871428468715 0.5692566932965506
v 0.984375 0.6528883486553544 0.4466939300576558
v -0.984375 0.7264260065986913 -0.3938453464572542
v -0.984375 2.127324800790208 -0.27128258321835963
v -0.984375 0.6528883486553544 0.4466939300576558
v -0.984375 2.0537871428468715 0.5692566932965506
vt 0.28125 1
vt 0.390625 1
vt 0.390625 0.953125
vt 0.28125 0.953125
vt 0.390625 1
vt 0.46875 1
vt 0.46875 0.953125
vt 0.390625 0.953125
vt 0.140625 0.71875
vt 0.25 0.71875
vt 0.25 0.671875
vt 0.140625 0.671875
vt 0.390625 0.7109375
vt 0.46875 0.7109375
vt 0.46875 0.6640625
vt 0.390625 0.6640625
vt 0.25 0.8515625
vt 0.140625 0.8515625
vt 0.140625 0.9296875
vt 0.25 0.9296875
vt 0.25 0.8515625
vt 0.140625 0.8515625
vt 0.140625 0.7734375
vt 0.25 0.7734375
vn 0 -0.9961946980917457 -0.08715574274765849
vn 1 0 0
vn 0 0.9961946980917457 0.08715574274765849
vn -1 0 0
vn 0 0.08715574274765849 -0.9961946980917457
vn 0 -0.08715574274765849 0.9961946980917457
usemtl m_d9305973-deba-ca33-40e9-62517e6e57ed
f 140/388/97 143/387/97 141/386/97 138/385/97
f 139/392/98 140/391/98 138/390/98 137/389/98
f 144/396/99 139/395/99 137/394/99 142/393/99
f 143/400/100 144/399/100 142/398/100 141/397/100
f 142/404/101 137/403/101 138/402/101 141/401/101
f 143/408/102 140/407/102 139/406/102 144/405/102
o cube
v 0.9801409507168621 1.2125128668526353 -1.1093708073279056
v 0.9801409507168621 0.9323331080143319 -1.1338833599756848
v 1.0877706660695436 1.189866221171747 -0.8505184627132487
v 1.0877706660695436 0.9096864623334435 -0.8750310153610279
v 0.7202998321980627 0.9229525602310499 -1.0266632081842197
v 0.7202998321980627 1.2031323190693533 -1.0021506555364406
v 0.8279295475507442 0.9003059145501615 -0.7678108635695629
v 0.8279295475507442 1.180485673388465 -0.7432983109217837
vt 0.125 0.7890625
vt 0.140625 0.7890625
vt 0.140625 0.7734375
vt 0.125 0.7734375
vt 0.5390625 0.8984375
vt 0.5546875 0.8984375
vt 0.5546875 0.8828125
vt 0.5390625 0.8828125
vt 0.5703125 0.8046875
vt 0.5859375 0.8046875
vt 0.5859375 0.7890625
vt 0.5703125 0.7890625
vt 0.6328125 0.4609375
vt 0.6484375 0.4609375
vt 0.6484375 0.4453125
vt 0.6328125 0.4453125
vt 0.65625 0.7265625
vt 0.640625 0.7265625
vt 0.640625 0.7421875
vt 0.65625 0.7421875
vt 0.21875 0.328125
vt 0.203125 0.328125
vt 0.203125 0.3125
vt 0.21875 0.3125
vn 0 -0.9961946980917455 -0.08715574274765847
vn 0.9238795325112868 0.03335305878500273 -0.38122720636965357
vn 0 0.9961946980917455 0.08715574274765847
vn -0.9238795325112868 -0.03335305878500273 0.38122720636965357
vn -0.3826834323650898 0.08052140686538069 -0.9203638919632244
vn 0.3826834323650898 -0.08052140686538069 0.9203638919632244
usemtl m_d9305973-deba-ca33-40e9-62517e6e57ed
f 148/412/103 151/411/103 149/410/103 146/409/103
f 147/416/104 148/415/104 146/414/104 145/413/104
f 152/420/105 147/419/105 145/418/105 150/417/105
f 151/424/106 152/423/106 150/422/106 149/421/106
f 150/428/107 145/427/107 146/426/107 149/425/107
f 151/432/108 148/431/108 147/430/108 152/429/108
o cube
v -0.8949320199392248 1.2416663108751684 -1.442596197311084
v -0.8949320199392248 0.9614865520368652 -1.467108749958863
v -0.696058237730508 1.2243333186737317 -1.2444791898853085
v -0.696058237730508 0.9441535598354284 -1.2689917425330877
v -1.093805802147941 0.9441535598354284 -1.2689917425330877
v -1.093805802147941 1.2243333186737317 -1.2444791898853085
v -0.8949320199392243 0.9268205676339916 -1.0708747351073118
v -0.8949320199392243 1.207000326472295 -1.0463621824595326
vt 0.5703125 0.3125
vt 0.5859375 0.3125
vt 0.5859375 0.296875
vt 0.5703125 0.296875
vt 0.6484375 0.265625
vt 0.6640625 0.265625
vt 0.6640625 0.25
vt 0.6484375 0.25
vt 0.7734375 0.953125
vt 0.7890625 0.953125
vt 0.7890625 0.9375
vt 0.7734375 0.9375
vt 0.7734375 0.9375
vt 0.7890625 0.9375
vt 0.7890625 0.921875
vt 0.7734375 0.921875
vt 0.7890625 0.703125
vt 0.7734375 0.703125
vt 0.7734375 0.71875
vt 0.7890625 0.71875
vt 0.7890625 0.703125
vt 0.7734375 0.703125
vt 0.7734375 0.6875
vt 0.7890625 0.6875
vn -6.938893903907228e-18 -0.9961946980917455 -0.08715574274765847
vn 0.7071067811865476 0.06162841671621958 -0.7044160264027588
vn 6.938893903907228e-18 0.9961946980917455 0.08715574274765847
vn -0.7071067811865476 -0.06162841671621958 0.7044160264027588
vn -0.7071067811865477 0.061628416716219575 -0.7044160264027587
vn 0.7071067811865477 -0.061628416716219575 0.7044160264027587
usemtl m_d9305973-deba-ca33-40e9-62517e6e57ed
f 156/436/109 159/435/109 157/434/109 154/433/109
f 155/440/110 156/439/110 154/438/110 153/437/110
f 160/444/111 155/443/111 153/442/111 158/441/111
f 159/448/112 160/447/112 158/446/112 157/445/112
f 158/452/113 153/451/113 154/450/113 157/449/113
f 159/456/114 156/455/114 155/454/114 160/453/114
o cube
v -0.8949320199392246 1.2240184729304906 -1.2441074684231048
v -0.8949320199392246 0.9443990736098637 -1.2685709959655882
v -0.6964559852949255 1.2067201467134567 -1.0463866950121807
v -0.6964559852949255 0.9271007473928299 -1.070850222554664
v -1.0934080545835236 0.9271007473928299 -1.070850222554664
v -1.0934080545835236 1.2067201467134567 -1.0463866950121807
v -0.8949320199392244 0.909802421175796 -0.8731294491437396
v -0.8949320199392244 1.1894218204964229 -0.8486659216012562
vt 0.7734375 0.6484375
vt 0.7890625 0.6484375
vt 0.7890625 0.6328125
vt 0.7734375 0.6328125
vt 0.7734375 0.6328125
vt 0.7890625 0.6328125
vt 0.7890625 0.6171875
vt 0.7734375 0.6171875
vt 0.7734375 0.5703125
vt 0.7890625 0.5703125
vt 0.7890625 0.5546875
vt 0.7734375 0.5546875
vt 0.7734375 0.5546875
vt 0.7890625 0.5546875
vt 0.7890625 0.5390625
vt 0.7734375 0.5390625
vt 0.7890625 0.46875
vt 0.7734375 0.46875
vt 0.7734375 0.484375
vt 0.7890625 0.484375
vt 0.7890625 0.46875
vt 0.7734375 0.46875
vt 0.7734375 0.453125
vt 0.7890625 0.453125
vn -6.938893903907228e-18 -0.9961946980917455 -0.08715574274765847
vn 0.7071067811865476 0.06162841671621958 -0.7044160264027588
vn 6.938893903907228e-18 0.9961946980917455 0.08715574274765847
vn -0.7071067811865476 -0.06162841671621958 0.7044160264027588
vn -0.7071067811865477 0.061628416716219575 -0.7044160264027587
vn 0.7071067811865477 -0.061628416716219575 0.7044160264027587
usemtl m_d9305973-deba-ca33-40e9-62517e6e57ed
f 164/460/115 167/459/115 165/458/115 162/457/115
f 163/464/116 164/463/116 162/462/116 161/461/116
f 168/468/117 163/467/117 161/466/117 166/465/117
f 167/472/118 168/471/118 166/470/118 165/469/118
f 166/476/119 161/475/119 162/474/119 165/473/119
f 167/480/120 164/479/120 163/478/120 168/477/120
o cube
v 0.5625 2.218389574913802 0.3013332107821367
v 0.5625 2.0782996954946507 0.28907693445824734
v 0.5625 2.1816207459421335 0.7216028490395918
v 0.5625 2.041530866522982 0.7093465727157025
v -0.5625 2.0782996954946507 0.28907693445824734
v -0.5625 2.218389574913802 0.3013332107821367
v -0.5625 2.041530866522982 0.7093465727157025
v -0.5625 2.1816207459421335 0.7216028490395918
vt 0.6640625 0.6875
vt 0.7265625 0.6875
vt 0.7265625 0.6640625
vt 0.6640625 0.6640625
vt 0.0625 0.21875
vt 0.0703125 0.21875
vt 0.0703125 0.1953125
vt 0.0625 0.1953125
vt 0.046875 0.328125
vt 0.109375 0.328125
vt 0.109375 0.3046875
vt 0.046875 0.3046875
vt 0.78125 0.921875
vt 0.7890625 0.921875
vt 0.7890625 0.8984375
vt 0.78125 0.8984375
vt 0.8125 0.3046875
vt 0.75 0.3046875
vt 0.75 0.3125
vt 0.8125 0.3125
vt 0.8203125 0.9765625
vt 0.7578125 0.9765625
vt 0.7578125 0.96875
vt 0.8203125 0.96875
vn 0 -0.9961946980917457 -0.08715574274765849
vn 1 0 0
vn 0 0.9961946980917457 0.08715574274765849
vn -1 0 0
vn 0 0.08715574274765849 -0.9961946980917457
vn 0 -0.08715574274765849 0.9961946980917457
usemtl m_d9305973-deba-ca33-40e9-62517e6e57ed
f 172/484/121 175/483/121 173/482/121 170/481/121
f 171/488/122 172/487/122 170/486/122 169/485/122
f 176/492/123 171/491/123 169/490/123 174/489/123
f 175/496/124 176/495/124 174/494/124 173/493/124
f 174/500/125 169/499/125 170/498/125 173/497/125
f 175/504/126 172/503/126 171/502/126 176/501/126
o cube
v 0.703125 2.407504559628512 -0.24677003057058045
v 0.703125 2.127324800790208 -0.27128258321835963
v 0.703125 2.358479454332954 0.3135894871060263
v 0.703125 2.0782996954946507 0.28907693445824734
v -0.703125 2.127324800790208 -0.27128258321835963
v -0.703125 2.407504559628512 -0.24677003057058045
v -0.703125 2.0782996954946507 0.28907693445824734
v -0.703125 2.358479454332954 0.3135894871060263
vt 0.53125 0.625
vt 0.609375 0.625
vt 0.609375 0.59375
vt 0.53125 0.59375
vt 0.125 0.640625
vt 0.140625 0.640625
vt 0.140625 0.609375
vt 0.125 0.609375
vt 0.53125 0.59375
vt 0.609375 0.59375
vt 0.609375 0.5625
vt 0.53125 0.5625
vt 0.046875 0.484375
vt 0.0625 0.484375
vt 0.0625 0.453125
vt 0.046875 0.453125
vt 0.7421875 0.6484375
vt 0.6640625 0.6484375
vt 0.6640625 0.6640625
vt 0.7421875 0.6640625
vt 0.75 0.5390625
vt 0.671875 0.5390625
vt 0.671875 0.5234375
vt 0.75 0.5234375
vn 0 -0.9961946980917457 -0.08715574274765849
vn 1 0 0
vn 0 0.9961946980917457 0.08715574274765849
vn -1 0 0
vn 0 0.08715574274765849 -0.9961946980917457
vn 0 -0.08715574274765849 0.9961946980917457
usemtl m_d9305973-deba-ca33-40e9-62517e6e57ed
f 180/508/127 183/507/127 181/506/127 178/505/127
f 179/512/128 180/511/128 178/510/128 177/509/128
f 184/516/129 179/515/129 177/514/129 182/513/129
f 183/520/130 184/519/130 182/518/130 181/517/130
f 182/524/131 177/523/131 178/522/131 181/521/131
f 183/528/132 180/527/132 179/526/132 184/525/132
o cube
v 0.5625 2.9291374332640805 -0.8624224672865197
v 0.5625 2.657961410427572 -1.1855974667273386
v 0.5625 2.282787434382443 -0.32007042161350263
v 0.5625 2.0116114115459345 -0.6432454210543219
v -0.5625 2.657961410427572 -1.1855974667273386
v -0.5625 2.9291374332640805 -0.8624224672865197
v -0.5625 2.0116114115459345 -0.6432454210543219
v -0.5625 2.282787434382443 -0.32007042161350263
vt 0 0.53125
vt 0.0625 0.53125
vt 0.0625 0.484375
vt 0 0.484375
vt 0.4765625 0.953125
vt 0.5 0.953125
vt 0.5 0.90625
vt 0.4765625 0.90625
vt 0.46875 1
vt 0.53125 1
vt 0.53125 0.953125
vt 0.46875 0.953125
vt 0.1953125 0.515625
vt 0.21875 0.515625
vt 0.21875 0.46875
vt 0.1953125 0.46875
vt 0.71875 0.8203125
vt 0.65625 0.8203125
vt 0.65625 0.84375
vt 0.71875 0.84375
vt 0.7265625 0.7109375
vt 0.6640625 0.7109375
vt 0.6640625 0.6875
vt 0.7265625 0.6875
vn 0 -0.642787609686539 -0.7660444431189782
vn 1 0 0
vn 0 0.642787609686539 0.7660444431189782
vn -1 0 0
vn 0 0.7660444431189782 -0.642787609686539
vn 0 -0.7660444431189782 0.642787609686539
usemtl m_d9305973-deba-ca33-40e9-62517e6e57ed
f 188/532/133 191/531/133 189/530/133 186/529/133
f 187/536/134 188/535/134 186/534/134 185/533/134
f 192/540/135 187/539/135 185/538/135 190/537/135
f 191/544/136 192/543/136 190/542/136 189/541/136
f 190/548/137 185/547/137 186/546/137 189/545/137
f 191/552/138 188/551/138 187/550/138 192/549/138
o cube
v 0.70284375 0.9760127447638158 0.16490121740291097
v 0.70284375 0.6532686453222516 0.4357156722089708
v 0.70284375 1.4276112147942146 0.7030953164716878
v 0.70284375 1.1048671153526506 0.9739097712777476
v -0.70284375 0.6532686453222516 0.4357156722089708
v -0.70284375 0.9760127447638158 0.16490121740291097
v -0.70284375 1.1048671153526506 0.9739097712777476
v -0.70284375 1.4276112147942146 0.7030953164716878
vt 0.3359375 0.5625
vt 0.4140625 0.5625
vt 0.4140625 0.5234375
vt 0.3359375 0.5234375
vt 0.453125 0.2734375
vt 0.4765625 0.2734375
vt 0.4765625 0.234375
vt 0.453125 0.234375
vt 0.4140625 0.5625
vt 0.4921875 0.5625
vt 0.4921875 0.5234375
vt 0.4140625 0.5234375
vt 0.7265625 0.484375
vt 0.75 0.484375
vt 0.75 0.4453125
vt 0.7265625 0.4453125
vt 0.359375 0.9296875
vt 0.28125 0.9296875
vt 0.28125 0.953125
vt 0.359375 0.953125
vt 0.6875 0.59375
vt 0.609375 0.59375
vt 0.609375 0.5703125
vt 0.6875 0.5703125
vn 0 -0.7660444431189781 0.6427876096865391
vn 1 0 0
vn 0 0.7660444431189781 -0.6427876096865391
vn -1 0 0
vn 0 -0.6427876096865391 -0.7660444431189781
vn 0 0.6427876096865391 0.7660444431189781
usemtl m_d9305973-deba-ca33-40e9-62517e6e57ed
f 196/556/139 199/555/139 197/554/139 194/553/139
f 195/560/140 196/559/140 194/558/140 193/557/140
f 200/564/141 195/563/141 193/562/141 198/561/141
f 199/568/142 200/567/142 198/566/142 197/565/142
f 198/572/143 193/571/143 194/570/143 197/569/143
f 199/576/144 196/575/144 195/574/144 200/573/144
o cube
v -0.984375 1.9872349213710567 -0.283538859542249
v -0.984375 0.866515886017843 -0.38158907013336485
v -0.984375 1.9259535397516092 0.4169105375535094
v -0.984375 0.8052345043983956 0.31886032696239375
v -1.125 0.866515886017843 -0.38158907013336485
v -1.125 1.9872349213710567 -0.283538859542249
v -1.125 0.8052345043983956 0.31886032696239375
v -1.125 1.9259535397516092 0.4169105375535094
vt 0.6640625 0.234375
vt 0.671875 0.234375
vt 0.671875 0.1953125
vt 0.6640625 0.1953125
vt 0.5234375 0.5546875
vt 0.5859375 0.5546875
vt 0.5859375 0.515625
vt 0.5234375 0.515625
vt 0.671875 0.234375
vt 0.6796875 0.234375
vt 0.6796875 0.1953125
vt 0.671875 0.1953125
vt 0.5234375 0.515625
vt 0.5859375 0.515625
vt 0.5859375 0.4765625
vt 0.5234375 0.4765625
vt 0.484375 0.5625
vt 0.4765625 0.5625
vt 0.4765625 0.625
vt 0.484375 0.625
vt 0.4921875 0.625
vt 0.484375 0.625
vt 0.484375 0.5625
vt 0.4921875 0.5625
vn 0 -0.9961946980917457 -0.08715574274765849
vn 1 0 0
vn 0 0.9961946980917457 0.08715574274765849
vn -1 0 0
vn 0 0.08715574274765849 -0.9961946980917457
vn 0 -0.08715574274765849 0.9961946980917457
usemtl m_d9305973-deba-ca33-40e9-62517e6e57ed
f 204/580/145 207/579/145 205/578/145 202/577/145
f 203/584/146 204/583/146 202/582/146 201/581/146
f 208/588/147 203/587/147 201/586/147 206/585/147
f 207/592/148 208/591/148 206/590/148 205/589/148
f 206/596/149 201/595/149 202/594/149 205/593/149
f 207/600/150 204/599/150 203/598/150 208/597/150
o cube
v 1.125 1.9872349213710567 -0.283538859542249
v 1.125 0.866515886017843 -0.38158907013336485
v 1.125 1.9259535397516092 0.4169105375535094
v 1.125 0.8052345043983956 0.31886032696239375
v 0.984375 0.866515886017843 -0.38158907013336485
v 0.984375 1.9872349213710567 -0.283538859542249
v 0.984375 0.8052345043983956 0.31886032696239375
v 0.984375 1.9259535397516092 0.4169105375535094
vt 0.703125 0.234375
vt 0.7109375 0.234375
vt 0.7109375 0.1953125
vt 0.703125 0.1953125
vt 0.5234375 0.4765625
vt 0.5859375 0.4765625
vt 0.5859375 0.4375
vt 0.5234375 0.4375
vt 0.7109375 0.234375
vt 0.71875 0.234375
vt 0.71875 0.1953125
vt 0.7109375 0.1953125
vt 0.53125 1
vt 0.59375 1
vt 0.59375 0.9609375
vt 0.53125 0.9609375
vt 0.3203125 0.4296875
vt 0.3125 0.4296875
vt 0.3125 0.4921875
vt 0.3203125 0.4921875
vt 0.328125 0.4921875
vt 0.3203125 0.4921875
vt 0.3203125 0.4296875
vt 0.328125 0.4296875
vn 0 -0.9961946980917457 -0.08715574274765849
vn 1 0 0
vn 0 0.9961946980917457 0.08715574274765849
vn -1 0 0
vn 0 0.08715574274765849 -0.9961946980917457
vn 0 -0.08715574274765849 0.9961946980917457
usemtl m_d9305973-deba-ca33-40e9-62517e6e57ed
f 212/604/151 215/603/151 213/602/151 210/601/151
f 211/608/152 212/607/152 210/606/152 209/605/152
f 216/612/153 211/611/153 209/610/153 214/609/153
f 215/616/154 216/615/154 214/614/154 213/613/154
f 214/620/155 209/619/155 210/618/155 213/617/155
f 215/624/156 212/623/156 211/622/156 216/621/156
o cube
v -1.0360862212862312 2.191933498772478 -2.623254305541332
v -1.0360862212862312 1.4914841016767197 -2.6845356871607797
v -0.5012099837706584 2.091961870720753 -1.4805733681179096
v -0.5012099837706584 1.3915124736249942 -1.541854749737357
v -1.6733338840463756 1.4655854706996405 -2.388512980522849
v -1.6733338840463756 2.166034867795399 -2.327231598903402
v -1.138457646530803 1.3656138426479147 -1.2458320430994265
v -1.138457646530803 2.0660632397436736 -1.1845506614799792
vt 0.15625 0.515625
vt 0.1953125 0.515625
vt 0.1953125 0.4453125
vt 0.15625 0.4453125
vt 0.484375 0.5234375
vt 0.5234375 0.5234375
vt 0.5234375 0.453125
vt 0.484375 0.453125
vt 0.4921875 0.625
vt 0.53125 0.625
vt 0.53125 0.5546875
vt 0.4921875 0.5546875
vt 0.5 0.953125
vt 0.5390625 0.953125
vt 0.5390625 0.8828125
vt 0.5 0.8828125
vt 0.6796875 0.7421875
vt 0.640625 0.7421875
vt 0.640625 0.78125
vt 0.6796875 0.78125
vt 0.265625 0.3515625
vt 0.2265625 0.3515625
vt 0.2265625 0.3125
vt 0.265625 0.3125
vn -6.93889390390723e-18 -0.9961946980917455 -0.08715574274765849
vn 0.90630778703665 0.036833608500735 -0.42101007166283444
vn 6.93889390390723e-18 0.9961946980917455 0.08715574274765849
vn -0.90630778703665 -0.036833608500735 0.42101007166283444
vn -0.4226182617406995 0.07898992833716592 -0.9028590122851736
vn 0.4226182617406995 -0.07898992833716592 0.9028590122851736
usemtl m_d9305973-deba-ca33-40e9-62517e6e57ed
f 220/628/157 223/627/157 221/626/157 218/625/157
f 219/632/158 220/631/158 218/630/158 217/629/158
f 224/636/159 219/635/159 217/634/159 222/633/159
f 223/640/160 224/639/160 222/638/160 221/637/160
